benchmarks/avaInclinedPlaneEntresTest/release1IP_d553e2b322_C_L_entres_dfa_pfv.asc
ncols        1001
nrows        401
xllcorner    997.500000000000
yllcorner    -5002.500000000000
cellsize     5.000000000000
NODATA_value nan
[rows 209 to 227 of 401, columns 264 to 307 of 1001]
24.805539779211777329 24.995552542452085021 24.701697784352351306 24.620332713877832731 23.364625512500321491 23.37328645279761119 22.163227476513952752 21.761494623479148203 21.231626926616915085 21.111392807559340667 20.53775659902339612 20.095681768238076614 19.538266178421931585 19.293777757618318702 18.601368988231502755 18.191345198195481458 18.049147176055754471 17.958830463232622776 17.8840490994786947 17.838508922782555288 17.811324961565247804 17.791690016543455499 17.786070774974152897 17.785279043426900358 17.768870621803749543 17.738255348937567391 17.702233805070761719 17.662455288387331365 17.628616761155512904 17.600913596172588882 17.583609800588877903 17.557510068359135857 17.531449891134368357 17.521128612777467026 17.482422409262866836 17.449632806689230335 17.411966671714690591 17.372830179377864113 17.345663209367710778 17.32699932252765862 17.317189629342067292 17.302709252780985594 17.28687303058304181 17.299654403353670773
24.175654918338942423 23.480500734369879723 23.655746416398965692 23.079594383649848055 22.591000145330937698 21.8030932367793433 21.090636882199024882 21.258714202490264 21.034631524298685434 20.397115019334165709 19.758096568116201297 18.875138523924686496 18.718270474692069172 18.558166267113467285 18.401715287950590749 18.255772699898965783 18.134693712514451391 18.0502019997348917 17.994769871024615782 17.960754853199173198 17.948722713174969812 17.951572165782216928 17.961305997206739704 17.976050273957621783 17.988891196544905426 17.994631204585207485 17.989310374989415209 17.983125272949969542 17.973705623676302423 17.950970529124120389 17.932679282195234549 17.909195282355735657 17.889826426979293927 17.865385933060728973 17.830332843448811531 17.804702814133310795 17.770707084030689771 17.736590179932022693 17.712169805716904136 17.685315313471981824 17.670902624162096117 17.65409832432870374 17.641509337509937438 17.645363408368726965
23.17719291972566964 23.516718850353459658 22.432882737502975345 21.961780946037560369 21.04262988332583717 20.454488214403042434 20.412989617099601247 20.407120714957585506 19.31961894231190513 19.186337495420129784 19.065848883977981387 18.955469397277077803 18.849521367999628296 18.748702342715361624 18.657724906801341547 18.572286689330393727 18.493966305358096491 18.434273562830579607 18.400300325091372144 18.381967650149384497 18.371683858814996881 18.369999898868730526 18.377409209688138958 18.394397798347124962 18.404443361967921078 18.408977652292975336 18.410736681548502958 18.416431335060131858 18.411608040665512931 18.395532024859129194 18.381221820903800079 18.354595577551915397 18.324479575658482844 18.293590650750267912 18.263140524943075604 18.230157099793917297 18.185728777370709253 18.141274641330795703 18.104134537108407699 18.069368929890032405 18.036494017540540824 18.011708790164025373 18.000448455281663485 18.009412127421345673
22.138100324062946811 21.528518433843881752 20.813415533534161739 20.138786859450405586 20.579297619404464115 19.81413969725462465 19.691495084922493675 19.564011153832495893 19.440685238086519604 19.32683825598091687 19.230035413922088594 19.146501806725542139 19.079214669497396528 19.023321638066786221 18.978057315216645407 18.93852386799633436 18.907381904374805259 18.875609691715773408 18.853427213000315987 18.838088831887841224 18.828535190387132303 18.825922634254059318 18.825302800302626594 18.836340159082567425 18.834091840381262273 18.828202260999571394 18.816293850781711683 18.809295654300616008 18.794140350399018757 18.765158308497163375 18.730849311156415382 18.698030637602368387 18.671994964029991593 18.637153625092054199 18.5942125504484288 18.546342338950033479 18.493599895344999595 18.441364384752436223 18.386585515418492065 18.339472438227545581 18.300390882428136052 18.266993960709420719 18.240165164391108021 18.241414893322072999
20.974772203981778773 20.414009692709964128 20.318966688546648669 20.215463325787133897 20.107986790378088671 19.996128043636119287 19.87820287650698603 19.758621477387592336 19.644256281139657716 19.543837349475019494 19.466664606915372815 19.405623420565007109 19.357157571538159857 19.331320966019411856 19.324335721187779313 19.315235413126213615 19.30141507695358527 19.276593463511250803 19.258224653800777304 19.235609896264158181 19.209122920148811176 19.177804862853825796 19.165250106351624737 19.149849449792082368 19.124687122837347175 19.095089869027358276 19.080733910029010758 19.057872134379241658 19.03194797723746845 18.998779015256825886 18.970298933907436378 18.945047797619317009 18.904780290628242057 18.862292443644815165 18.814651761668958585 18.75669682035951169 18.698216145901348284 18.640105137240503552 18.582814995658910817 18.520622859102136459 18.462898488730452584 18.403821770793022949 18.35343071941376536 18.33527581403432194
20.45139547433428362 20.373035287321116016 20.310904146910157664 20.252843022243713023 20.187340245996121979 20.11669170606986512 20.034101060282040407 19.943644253430406366 19.848679257026073941 19.758017395874929889 19.675788339201101707 19.613267001392930666 19.585989820406325634 19.566906397515815286 19.566856477072203546 19.579554772723312794 19.577681961473370365 19.579028458884256025 19.568054722002532486 19.535373252764646423 19.496247492935236068 19.469631024727476643 19.432148511290279203 19.389947888435116852 19.339646556932343913 19.304381996200405069 19.258038906216690123 19.212012433776415321 19.165379401279214022 19.118519968902713657 19.095397313113135596 19.064153940989829294 19.019478230762857152 18.96675931330054965 18.913975366653684063 18.865073333360196983 18.809835007937859785 18.753437156046775414 18.691068559766300439 18.621001496533505559 18.551632310662476755 18.481357491659334613 18.416591982384645121 18.387019033651014865
20.412894263437525666 20.359733581547949655 20.31744345639400251 20.276727564936972925 20.246331199057085115 20.207596271431821577 20.164701992083848836 20.107028272981537498 20.035848954561863877 19.969003199889080236 19.900239094146549235 19.835254790004157144 19.790790743250951778 19.765156646335107382 19.743456003018653888 19.748339743171484884 19.737520839473866374 19.735230504684412978 19.721155943097162577 19.682107161775931559 19.645020335577537907 19.607183443483407359 19.5565183507432927 19.499170462108057933 19.456207688453151405 19.409928145312878911 19.362213301503565788 19.30808035395565625 19.249406069896163984 19.208360498912846026 19.167007897777921244 19.124291504651917961 19.072936102366320199 19.017639482367084014 18.982866926716976508 18.929335492619362213 18.861767910479727561 18.78630088658734465 18.709620318030243169 18.644220982883396687 18.578338370529689172 18.511787699390204409 18.441064849810139492 18.387309969640309504
20.455506282966869236 20.403999956950404027 20.368474010715807765 20.337491510897152125 20.300275459039411885 20.273878392228319001 20.242767736498791464 20.201833035528778737 20.163669083638641411 20.103275322180266471 20.045346253477845266 19.989720165047323519 19.939295074339966618 19.917577393613637327 19.893507661050904289 19.891780890906488821 19.871465126692083203 19.850515283537458089 19.825589015708732887 19.776831105275281431 19.716274801153645058 19.663199570783582715 19.600092259252424043 19.533603853974529585 19.465097489734564107 19.419263269985631126 19.37514482866586718 19.31968662429575545 19.283863746150817775 19.239791143153343711 19.180231297586662009 19.122065102060091135 19.095012314053608549 19.068017877981329633 19.028119879578188289 18.98689501445011274 18.934139288529820533 18.852643818967841582 18.740854773414795886 18.62556743635088452 18.526371612954651624 18.428212805701839727 18.334977329497558429 18.272480319849059072
20.549226142851267696 20.477385042099982115 20.427758679444412593 20.3807984591519471 20.33982259168078599 20.315896692303230253 20.293432847419751397 20.257770733033332533 20.224994344520297318 20.167515895529682268 20.117391642662067142 20.053662611660080017 20.004805233144658416 19.950546444839872606 19.919723567154310473 19.881635309907494502 19.859743853787254153 19.822589004556895986 19.785262702519887057 19.745304409840066739 19.688413397548433892 19.635925633767168819 19.578032740671996947 19.512340965479776145 19.462486235029512471 19.419362288623151613 19.37750797985293616 19.354362910471039072 19.33044722314758701 19.277101929603908559 19.234599392999051304 19.17985613453840088 19.119218411984778783 19.078540982370952861 19.035030109711335911 18.957991745170829745 18.86368149110749215 18.72732656567442433 18.616785995540368503 18.51460716220759295 18.414367757364335176 18.271325647616624366 18.10466721405339996 18.050700053162369585
20.537422567556436803 20.477954585715988145 20.417116772676259018 20.363560365360672932 20.317602528620344771 20.27563029944562345 20.245367702693826573 20.203681651354415294 20.176449011602535677 20.136171224937534419 20.092108641025983928 20.043054977188127452 19.9888432964252587 19.930441445667238298 19.864099503671511115 19.812119315336754966 19.761783820455363525 19.725157752989527893 19.67300034900468475 19.630019177141722508 19.590648410891937203 19.556225883711714886 19.516335428325337631 19.448465340574426108 19.404058311565883344 19.349526312146657858 19.310884873057329258 19.282206629430778122 19.249732835882717552 19.227450684512550794 19.19230980896611527 19.13577347377306026 19.00557255116454769 18.948786819541879822 18.945538507639508197 18.816924105350665286 18.73683361439131545 18.651547979755374485 18.332680868148631959 18.630635806142525013 18.560440201332955468 18.22376346942296621 17.982374517051930241 17.495251479366725533
20.392593561450372164 20.33915480982260604 20.27332313743674419 20.223037535208202797 20.16212316195830212 20.124717496453001786 20.090477573134570832 20.081203162570073317 20.054080315070990537 20.031694367589985006 19.989938764970982987 19.941599436560093039 19.883242981764496449 19.825352742052437804 19.779899108455843759 19.718847533741652001 19.673440011853610798 19.615015050586777079 19.572993963195642664 19.526628883011735383 19.491522360693373628 19.46056787086252271 19.431222969864410999 19.36709508790990597 19.286969475456899659 19.201732140264883952 19.131312739716285876 19.082992159817322886 19.047742772285729984 19.05721668177989514 19.068718238234481532 18.882832234408898131 19.089521948307968557 18.852890648253993078 18.798029916410399665 18.881377506205854644 18.463771429069925745 18.315393022504373732 17.996951641626424134 18.274904588565341612 17.75286627757052571 17.332885482668785926 16.875651460253454417 17.595079946597842024
20.076340012912936572 20.042840773928006115 19.989919061985560234 19.941647940380967441 19.894508087699364296 19.851631300767465405 19.841375975799763864 19.841013622063723432 19.838050226331269243 19.842219600988602934 19.807559825865304504 19.777516248280743838 19.73320757334409592 19.687879611142360403 19.64420623707006186 19.591921067023235992 19.526899818831058298 19.451129633782837658 19.402492221247523929 19.344836235098131993 19.283419674456499848 19.241787435056149747 19.165902348243900377 19.097534933948711711 18.988725037421104958 18.857828956981819601 18.825163682678955013 18.782702229026302376 18.904041865283968349 19.102831070751889797 18.930428701872465069 18.874138327501395196 18.577425581055766912 18.120764217406836849 17.862947279501359077 17.95653476412049443 17.694798319719911461 17.103433652305049861 17.304130281398656166 16.969022693786456557 16.878187214161957996 16.41405911576937271 16.614699931577117553 15.710503919513104876
19.540183253795696317 19.538367661126901709 19.523522372899282828 19.510867740100980683 19.506292539177970013 19.497113564195526436 19.522866092391002013 19.531300662888089192 19.545312079231017321 19.566841540890532514 19.548534017419353148 19.519569941655404932 19.455921882282630975 19.407277597311868078 19.35478441325001242 19.264324454304681211 19.166589531401090341 19.110352733653140689 19.053798472222830185 19.046723192791311874 19.018966352137837816 18.961842669081523383 18.765320125322247691 18.731223464727712269 18.734876346539913072 18.589010531146183069 18.345170761192445497 18.636717322994925894 18.273014575017093364 17.920394493156745597 17.578629778617703039 17.870241346821636341 17.568153870467995148 17.911332406854143073 17.416527231351960125 16.682493747391536232 15.963779913652516029 16.075680306396382235 16.471923085144158705 15.969933918309097365 15.415578486986108331 14.428035184315888273 13.967568939649082083 14.029895182424789724
18.743686447965625774 18.784994478069151569 18.841512841765872821 18.90329911362004367 18.957672333357120209 19.016580171840899993 19.077408214798005304 19.150344346790038941 19.152494329604930812 19.125933627190249808 19.077880917662852767 19.01320859600408042 19.022127570174692579 19.126992940466372772 19.07893628817938847 18.838956014405759731 18.708197908045072211 18.701273279736039257 18.970242188532463246 19.007909919754720107 18.718141050057575114 18.436645573089794681 19.109596957297963371 18.423119641161594728 18.121483196144446026 17.672641857353212913 17.970465860534662994 17.753330886733216687 17.429778907377905028 16.694241128579548672 16.627067872364797552 16.796257677172960143 16.630221479039622778 15.904124881839031502 16.029434809077496737 16.005371955963056507 15.365502412030938473 14.850104688331322578 13.828330681545750735 14.128544695825629773 14.307589247720013503 13.985800077830740307 13.923307703236682542 13.989011220250796796
17.825740713744906429 17.93238383336396069 18.040340142653615629 18.152399577826376031 18.290703438563220118 18.370170647788388152 18.449381966359162277 18.622852080950462295 18.79443596458014909 18.598100633224884604 18.578373957062968458 18.602792248261138752 18.657290241464458802 18.861858877741251916 19.070701790798981534 18.703612378936657734 18.330743520438069538 18.478853000038487409 17.821143730087925405 17.565915234687615509 17.696433759545815434 18.701392137521750669 18.145182071802473445 17.430070779753766175 16.696813683024899433 17.199636713273886102 16.76754609719842648 16.361624308731816058 15.656027545656652222 16.437814773094171272 15.862744186509617705 15.02719920325210623 14.415427307094788034 15.322348136837705468 14.705218576193590962 14.127164034553656435 13.821109880263980685 13.846463003042606132 13.865286154428781984 13.871678548697991218 13.875056645237954456 13.880764561223159603 13.893849636206919484 13.934769881271710901
16.742454560231703198 16.880705105907139796 17.037324547704521649 17.223057048360931987 17.516196140358566424 17.856141824691540876 18.014481737593776245 18.087672468125610692 17.944797446346040459 18.19810794226063777 18.161626826395892209 18.09327287993243516 17.871817117799004393 17.461118164770169869 18.219686659648210991 18.059913479012561055 18.089935965942444795 17.082819652621182627 16.539774430244808201 16.404128505032584684 16.086529743960770844 16.807374986576849807 16.048175576877927284 16.57889647257136545 15.784789450597232374 15.191784026504407734 14.210431734513205626 14.220121137261541477 15.661508607658326753 15.109236272740037776 14.421698254098338055 13.967547428016647615 14.109958350708213359 13.890216621582879952 13.786702552015213996 13.765909178684948344 13.780183919384100477 13.794864743006307606 13.820406282724466251 13.832559589679352285 13.848046682585167133 13.850491948162416023 13.846957461017847635 13.836584425889270733
16.197282178826707622 16.232463355706531871 16.681381563346761254 16.687168339863681865 16.5999732639332791 17.209804393764795094 17.07656622006560454 16.942740244137855399 17.7230915366580426 16.964726091269845654 16.640329538700989076 16.451191281439193403 17.124740717039408366 16.740861350670627417 15.851370117298188234 15.313347076622683574 15.28492054347682938 16.393422170607085064 15.850020836639886923 15.212500617018235971 14.452953276855385667 15.012787583098086586 14.959570446586116788 14.467158888621638013 13.935815263884739679 13.97433918494182592 14.015937003699573182 14.004076473671272396 13.965213878767311684 13.902074120849770011 13.812620244406764058 13.745690572787605532 13.695238684225152781 13.657354560591148385 13.575118526912396177 13.516173829867852874 13.453545814091651067 13.476652119955632614 13.527463075385622204 13.540220532198500081 13.499877412866771564 13.438682191278024547 13.419723395291500267 13.424134898753548484
15.573057435687619687 15.055103665768589494 15.923394123310057324 15.694866625511137315 15.054074018184994799 15.998629247915584273 15.23116372758714121 15.606320262010644484 16.030568526166902643 15.777884622171113094 15.224696928876680246 15.429339237305889299 15.222538373745114981 14.659225303473274238 14.7984421307443057 14.496752780594393428 13.925874739654314993 13.589742050203780011 13.57461452012750236 13.354064387653885149 13.272302102624268016 13.222696907191862081 13.179002048800498414 13.113646384204779238 13.053705159855761408 12.992030848005859056 13.077523588476125838 13.171406468833856351 13.138894817284430871 13.034477309643609289 12.933736374668219682 12.759899312209443067 12.730022532131080482 12.694043785411034619 12.697565442250034806 12.711113114389915424 12.735758156571028721 12.702146302867149075 12.694155962650407687 13.045070108965143518 13.007629659818633172 12.963816813563333596 12.934881211339829932 12.859310304079892617
14.097904932079014628 14.002079501222848279 13.908943178269915109 13.846206352508735549 13.767906994867713522 13.685952085341408946 13.616186903516510398 13.546238622212264602 13.453123229480418388 13.370548831092538222 13.318327194240341171 13.290623534605662925 13.260466587358893165 13.186217261812227974 13.081627838275275977 13.018125180303730559 12.999768471401141667 12.973212366772276738 13.040123638578180021 13.237406222493527608 13.290203788652860339 13.187138891244901018 13.010762968370309878 12.800675264838311307 12.588612159613767005 12.417805465867257197 12.3517244087558975 12.266218878441105034 12.373197891942838922 12.483197734944779356 12.523278887773381385 12.679608424062648098 12.834967226973418519 12.899159556045606934 12.923569296829780839 12.911495320457113678 12.700072000395577376 12.42625413566144843 12.364346748593520786 12.439790954599988737 12.55995237168410128 12.615571824148780422 12.622370684232038229 12.702880258422029058
