benchmarks/avaInclinedPlaneEntresTest/release1IP_d553e2b322_C_L_entres_dfa_pft.asc
ncols        1001
nrows        401
xllcorner    997.500000000000
yllcorner    -5002.500000000000
cellsize     5.000000000000
NODATA_value nan
[rows 190 to 208 of 401, columns 559 to 601 of 1001]
0.99874046430354457282 0.97017548578389745106 0.94839948433867149458 0.90582076349236129165 0.87234290245622747584 0.83382530830304801839 0.80419357521876388972 0.76576826598443670235 0.74221073164328199567 0.73419182690591477947 0.69458725763786510754 0.65513620910173420153 0.62299782055654095991 0.59652821110229159451 0.57455810947096674912 0.5634536456564319673 0.56103947221933303524 0.54970793522138683418 0.53763827273161546305 0.53596110309175659658 0.5371963652097502262 0.54443552331204247974 0.5485135851562826792 0.54859311673087729488 0.54249424317884475943 0.53836512629222543769 0.53222806993885662941 0.52649757292881249615 0.51901216398383065442 0.51408466189524382184 0.50052880117896059176 0.50692990508575253017 0.51230545137099048336 0.52426922385318708297 0.52778167070995707366 0.52725714991699801359 0.53753131143387367086 0.53388817755281658961 0.52877712559883804921 0.54406461652110671423 0.55472924267424061906 0.55308037061854831151 0.55132383785791316821
1.0558169593786441709 1.014402780010541294 0.97661630387642617279 0.94139564605962711141 0.9032591870576892612 0.86798240252448366494 0.82889447617500011667 0.79412368089989804343 0.76202154685568601611 0.72125388634534814969 0.72261586771793850925 0.6963766593273768013 0.67529293689979508208 0.65960019167468630918 0.64656797971115675949 0.64179363806650013835 0.60492893249645685039 0.59615873557923415582 0.56298344868267358176 0.5584027983253460059 0.54584147141564942629 0.52504764598180908575 0.50977853018491559034 0.50589635634885787852 0.49758775858543141668 0.52341902931868811155 0.53472908326913937138 0.54382779425322191891 0.55459047270974726196 0.55756448473471664773 0.57212025636306018672 0.56717913808449083035 0.56234921047957298068 0.54335233574613939211 0.51875285681155558493 0.5004035152406904885 0.49470544586224834971 0.47945917765300816171 0.47897282164988030928 0.45657654533103791961 0.44268263717004252555 0.42744559365097517523 0.4371607997044452687
0.97754754856444270317 0.93925712796930038717 0.9123410342029807385 0.87986017110319270085 0.82937116403342947546 0.80509178121545676987 0.75457529406319423515 0.7283121587513757822 0.69931354305648418812 0.67031979276894304576 0.64400832430203935886 0.63425055602523616738 0.61448574250402576702 0.59179655408919906723 0.57562247418351975004 0.57152264815624986838 0.57306645062935557267 0.57066508945150307142 0.58278408496550615503 0.59371741583563020228 0.61541029211667930277 0.60405052202919828908 0.60631242722831069081 0.60627481087055523634 0.60346197506175658365 0.60245793133811187392 0.59783251824820970999 0.59301084288533878475 0.60843246313962739968 0.61797950415645030997 0.62209524553527240087 0.61930870732559195613 0.60926699215598800752 0.6011647383257457955 0.57528841009826392483 0.55621222656192570444 0.55822835490354105747 0.53993739925510686462 0.53305471494914313801 0.5375546298069427964 0.54774147120510863207 0.54360943559220487042 0.54196416836762917324
0.88055842527885219706 0.88545151328530979917 0.92900206542378549468 0.94278509844346436441 0.94122476623762874048 0.94390147972618809735 0.91391884441949788886 0.86611670777143234812 0.83301688587964273225 0.84765992456047745129 0.85433253859670921226 0.83594053554873659628 0.79795858469676428371 0.75767861413400772186 0.75052982148237223914 0.74256791658392118372 0.73365663288389271202 0.73231413393168898196 0.71978135798111431143 0.70982771959176282905 0.68557863008010477834 0.68771855189894648408 0.68328745068787088979 0.67375656434102604297 0.66227336862693009234 0.64152948454278957424 0.62660665274510063405 0.64416457288213013754 0.64367449169079615778 0.63436729644786782334 0.6140821753430156793 0.61602288340172073333 0.6230641989600023134 0.61056311506157967539 0.60751442346872142064 0.61899778597768684296 0.63148870483328900516 0.63691972372159166849 0.63613963470576495585 0.63733861059631990997 0.64314442264119719983 0.63546041412425402495 0.63406122291067634755
0.80512792467932814411 0.80086130040530500995 0.81216927433017394033 0.80268369378272563797 0.80313469255450109507 0.8085973020666037403 0.80956655423163181862 0.81066942765190708187 0.80794430952960960557 0.81551053110439664096 0.78928802696690114615 0.79333895719370095545 0.76174628298150171002 0.76947967204958422904 0.76325879964584875115 0.78722635909998905923 0.79385581718024156306 0.80532923749098417332 0.79210134560653178148 0.80143591334525765557 0.80045585807027730407 0.79857779908269221902 0.76909242586864179358 0.7542875852858386132 0.75204032351855154559 0.7283810927777714106 0.72472703061406973379 0.70059670285153674563 0.67578087856900093122 0.6764094596348146915 0.65578773199121209725 0.64884105072943576431 0.63606075731932176787 0.63532342830627408503 0.67620574382343012765 0.71284974641173226573 0.69479672316509188956 0.70144346713472416344 0.66867043696463623892 0.68207049843295119995 0.6711232151918891109 0.67638585761644620664 0.69296732652164994004
0.70467204863696819572 0.70487487091602785139 0.71978655789632972617 0.7176075660464195094 0.71293848393003966812 0.72742473344726976681 0.73442808144364246647 0.73056851836027769664 0.74509722154485269474 0.73074756105673233098 0.73126070515690999585 0.72284178175558533308 0.70874481488518892291 0.71998509958715872781 0.7228839300619014363 0.71046464340837556239 0.69840970485374809229 0.68249594749286013329 0.67137263203147579116 0.67899914107342440595 0.69082599053695670221 0.73815497246788752683 0.72461543849943133022 0.72841406626898164145 0.72137434688953250284 0.71153571632758061405 0.71240732275021989572 0.71323099568815695459 0.71835555385487848135 0.74282445495209803443 0.73374900981776014497 0.75496276736580769651 0.7429891028776302031 0.78081268782047519306 0.79277355491161471956 0.79730811210372432019 0.77932773252094722505 0.7734949046852075405 0.76374186202109684007 0.76355515158618292304 0.78094049548656985227 0.79284254541889809254 0.831258567165381268
0.58674463542876598154 0.58856390039138584136 0.57909218836870113289 0.55955667602956848938 0.5719787392388911984 0.57699549770974689622 0.58579151594429335059 0.57593828232608923479 0.54986020428322113229 0.53175888752499544943 0.5303002119585945584 0.53589983442751398801 0.56678945214504605765 0.59782989079132353716 0.6257728689910099229 0.65227794828122542814 0.68262261323014339354 0.69236460188383208703 0.70139534158979455203 0.7065008870673848973 0.70988147337272977655 0.73468279904149669246 0.72145940856940637964 0.69411698538051935792 0.67043231507044465101 0.65062046860145783533 0.6186441668087392376 0.62211899566320949528 0.63262354412343524412 0.66608298224506590213 0.67825556190918967481 0.72460063511973182848 0.74465523852253678871 0.74000947784706128108 0.75160561555597926731 0.73261900081887310066 0.72187304424476228526 0.70630095406208426301 0.70999340796117482721 0.68511754332303376192 0.70244900604892268614 0.71393150365122870493 0.72080047420117254742
0.56994411994486149364 0.58012754230970475788 0.58221913715989093152 0.57457109406238204841 0.57614979822325373959 0.5988061605762574624 0.60891282094555798654 0.61417003288191784893 0.61811645253554503565 0.59831273706085352782 0.5999823186640548256 0.60125448340039977513 0.58881464978627029438 0.57578315050858575042 0.5584759266233403352 0.56449052358993190293 0.55672000029284129941 0.56875470525041482706 0.59757391327822628746 0.60851538551761807927 0.63887665998864562322 0.65797023441445512404 0.66167793645537420488 0.6531820606362743753 0.64443250781813965489 0.63045011219896696097 0.60981039385130741959 0.55819364139498550692 0.49428175276011021566 0.48376556810536791575 0.48628893283757052002 0.49832874543996208416 0.50611986522288476831 0.49363145509027128721 0.49928034268728571643 0.48692524956760202537 0.49293254599714247943 0.5219676181651935476 0.531818629879348026 0.52888662352213378082 0.53243274029384213275 0.52596289515168148654 0.50174396970994405986
0.71488168642791516394 0.66372981511103323893 0.63565510172636519037 0.64202532046550442324 0.63727395426914235088 0.62672216290199156408 0.62890059014728350029 0.63964243393006015026 0.63619633686124388294 0.63012667536535837964 0.61370265215206420972 0.60415729838281762021 0.59291778700854180784 0.57395221048125000252 0.5909516660709240865 0.56960005623246845463 0.5625213343825929968 0.54289079695621877963 0.52351208017158912256 0.50439041378778248781 0.48031289540646399105 0.45032706179345971531 0.44446534876123017233 0.43754329355626225828 0.43821795809969593671 0.44019646540524054457 0.45138672269457985609 0.442154192151038683 0.44675290162993858134 0.45740407904402358152 0.4676999951456237703 0.46754297794971005908 0.45805035662043830369 0.46251451052493391947 0.46233226129202098509 0.45846050124207354814 0.46183224445341430897 0.46501905716088909326 0.46711991475444203381 0.49434820933899148443 0.5073147850224433153 0.51728115604098945379 0.52562313317653808209
0.97636387644309197142 0.95184561039967618967 0.90023000679493325737 0.89319541683149095146 0.85202025531714487006 0.81523071975738470307 0.7597313061966165515 0.74744326470817423758 0.69732365165861642797 0.69489253871113609851 0.64602505263059084584 0.61582864015653504541 0.58822342394584326009 0.55865140770150611971 0.51943803609628236284 0.48915352175568488358 0.49275891261318421899 0.51076371392648423075 0.49640592260548715986 0.49503931274960433218 0.47937530193750554908 0.46180055279521720069 0.44985375305081293229 0.43930384221624746433 0.43561662886525481797 0.43177750450021279427 0.47564132546126636214 0.47574701786099315992 0.49425470019301120939 0.47762483735866845258 0.47097168841674702522 0.46136608316383004302 0.42845763926103058727 0.41722169000803804861 0.40395497381968176187 0.41452078056403129924 0.4232563690477967322 0.45323421569699567923 0.48175517383547100669 0.47315085485771962714 0.46040309852302441218 0.4608134329041917443 0.44047609227863232517
1.1437525221863038549 1.1291901950345255567 1.0957883152290464057 1.0426230748288332073 0.99955427955217002189 0.97061411412289300138 0.91115347577406757829 0.8940316732082528306 0.88291229457432596206 0.81876869170672528231 0.81854338258850778409 0.76519333495675423418 0.75141871693604478377 0.70086878818260589519 0.66861852568275426112 0.63785632695244698365 0.6077891020697601121 0.59058386987695510317 0.55930846315169358007 0.53849515632751965288 0.50139757811092111606 0.47107787493345043561 0.45943535491643300306 0.45387948396391153416 0.45383960614163848524 0.46670212027728741333 0.45904129214897515521 0.46522503964917755193 0.47312612865292141828 0.4682652526994603992 0.48158647924280495456 0.49285422806796674866 0.49721429470172850973 0.49640489891835859471 0.49035279062965742014 0.47757878271223863642 0.45808697924108338073 0.45161373941567817258 0.46150939272235003141 0.47007000465078380147 0.49730759565195448157 0.51094792165316882393 0.49919878885706231442
1.1380904168101158014 1.0997139996058413747 1.087021863246752762 1.0431142432130142694 1.0071821704305599088 0.98049898255940126646 0.93440948190863826195 0.87716341125289210012 0.85242858567911450329 0.8123871136944342819 0.78418121130852913581 0.76491227952823037661 0.73457299689351607253 0.72865615201389710709 0.70028174780176755121 0.67070558222155640671 0.64143861008962999026 0.61890594886725347479 0.60849866586188550155 0.59298189736722961563 0.57156754436850787382 0.55342787728173026274 0.5302641311642245503 0.50644449662635016018 0.48162817712867717068 0.46220358025674518343 0.47188405783195808141 0.46670192298699503253 0.46616343200772814015 0.45103816755692227591 0.43986128440994121114 0.43598669712014403999 0.43157162195778148162 0.4542587893175984437 0.48367590214693900741 0.50118232831863152033 0.51774781298814664954 0.52279254614961434555 0.52071287109735253651 0.5067634035316581631 0.48834686056969700552 0.47359470732664143977 0.46383072594781099562
1.0315383938553397414 1.0190193312810622572 1.0143904850141018947 0.99806504025996278795 0.97780544874735830785 0.95123597610529564417 0.93347024917473420125 0.92114135056078827457 0.8631607376295233891 0.86005928224682370864 0.81716666245732882956 0.79162617829276515913 0.75551175071423748442 0.74274705634101434448 0.70133282319997858334 0.66518029322402227876 0.63989133117504892745 0.61093742794203809154 0.59967303009883599074 0.58581923391711410165 0.5937951279864548404 0.61603522645404973357 0.63945699009527989798 0.66048659753977390086 0.66623860990468841692 0.64950347982079703613 0.63805009857372563253 0.64677174947274274075 0.63881904594730742897 0.61308205795229941959 0.58045600081797310565 0.55215573658165895132 0.53248491970504363557 0.53956004661083356577 0.5449346255907306924 0.57406860847316087959 0.58723677841818622269 0.58613135356869272563 0.58035015868079031787 0.56888830983775806605 0.53490567214055784184 0.50916582143331057253 0.51044570928197496862
1.0847487352160438689 1.0849171386393445804 1.0734606951015064347 1.0340476311592494696 1.0135961108109659001 1.0309481708436183389 0.98672693220904905687 0.89971752057900589161 0.88532745326656148155 0.82127355120151368517 0.75307566974937878435 0.7357072545225009641 0.76339497852957227675 0.76188488396535325453 0.74544645892779271001 0.7586657383006311095 0.76530642248284497242 0.76717815087332963397 0.77009314007435514249 0.76959673640229731006 0.7593533783440764573 0.76382632024569940832 0.764286511107237998 0.75646081411321142163 0.7612978699414317818 0.74263446011077116626 0.74927536762124047343 0.7283030069094942327 0.75060257129573981771 0.76209870990289729775 0.76156289442947455726 0.74348636476622886882 0.71808286463169668234 0.71420478800919950935 0.69580481813091599186 0.686821708477028392 0.65783127258039497676 0.65025449959420034141 0.63566442842854331552 0.65450333194736720621 0.67282718663198037845 0.6588464207798416794 0.66246342010013548052
0.93385384779106184183 0.96913062433665753126 0.97109816621182665219 0.94724215107982245865 0.89231631304424119389 0.8399507904588523477 0.79824367375732563357 0.74783610179473258839 0.69563345827774725194 0.70627667317719344808 0.72173252525477638031 0.75308021244642653347 0.77833900492873064891 0.80135650661998936162 0.81720663948665972498 0.81993744904576248977 0.82870104527497667757 0.82341814927257683809 0.82990146314117718696 0.80677024750236747686 0.81891529570168275498 0.82125367460713671885 0.82663548867148384236 0.818202922979506031 0.81657958066224678451 0.79874051818982227946 0.78709138568582459605 0.80691497131650180563 0.81525660181996451037 0.83044926675099195457 0.82130795868107220326 0.81134930417635298117 0.83068899500637871647 0.84941334139136981385 0.83397253258608783355 0.85799362264185685678 0.8602067695827737559 0.87681783602250196186 0.8571161488433730602 0.84497926356151742411 0.82117136862184425539 0.80857007131849978343 0.79780286330016370044
0.62177572828536231686 0.63540004367273605901 0.65872277570521076129 0.67598555333552290403 0.69532286836421086651 0.71764183260271163789 0.72573786415516750026 0.72376822696665943369 0.74099895663975490212 0.77444878092408075965 0.79587761643568277758 0.81648120236029320118 0.83165986660162305455 0.83240218769026741441 0.84725734012673181716 0.83576064287084794735 0.84834288561484916258 0.85603151569488455941 0.8533674202100183237 0.85418162993870971889 0.82253908846423340329 0.83228054239118787194 0.83721839499125128015 0.82910213785923103647 0.82803840322062471913 0.81477050315687660209 0.80402878682617429096 0.80405933339693713702 0.80401718359817397896 0.81810855230091483747 0.82556596209036869904 0.81498012067000569214 0.82174198261257691556 0.82030378875469123212 0.80881351059919126545 0.78089684230763334316 0.7590891757876845336 0.74948087072691849109 0.77486762752318927294 0.79957453215903073751 0.79975178174786520913 0.80562699946249882732 0.7886006412856900738
0.57610083711217252578 0.59976986804199361458 0.62160804705724226338 0.64476375668340657477 0.65977729335903112506 0.64047379642696355972 0.62086214025941277583 0.62672863192227568074 0.60295219259478383123 0.58151603937588192128 0.57566114784204325261 0.56336274613516457155 0.55595993621296979637 0.57316900235439727229 0.58301932125557398567 0.5880335331789803277 0.60511779599251547257 0.62683028242199856361 0.65950943559574926045 0.68488886232661883025 0.69967569616240632424 0.7187778803148849871 0.72883648404239531615 0.71947082557763386568 0.7236317638246905215 0.72347494188530614423 0.70952049754856361119 0.69516369606771843959 0.68086757177250034623 0.66920593117706372865 0.67288177526683312646 0.66146653580212444457 0.65921498257797883635 0.64203745618704588516 0.63609535068138556291 0.63178978481191816474 0.6164343834119156984 0.60888475293641985964 0.60091598913043531294 0.60396387225078884686 0.63353184653187410991 0.6180285045903053387 0.63876189227378699087
0.59358736169054682197 0.56777399454444288374 0.55848131982292636977 0.54926290592139126456 0.53322792670457674902 0.55646800912715987941 0.60369274454154664422 0.6491341713214280329 0.65804094326701767503 0.65834617683466212235 0.68722492018873704289 0.70443650756042175409 0.70498975168839461691 0.67413022879130657383 0.65828217477929984458 0.6511937794871552887 0.63031429976142960836 0.60264077750395939059 0.61286521143866701244 0.58884213220404546529 0.60734188442962344645 0.63306900068076932264 0.66611364111634141505 0.70057671170366297986 0.71608749558019479942 0.71524418391284816376 0.69494946984122563105 0.67483772099213179541 0.67137601036670890853 0.66573071373294268049 0.65919316574961894784 0.64959047036173644951 0.64937153854150120313 0.61899867184072920878 0.60442158018576364054 0.58380517175371893224 0.58205186856003898743 0.57959837146298354149 0.58911954099966912235 0.58186816435077615139 0.59480034405406534415 0.61852739037120862964 0.65490091095114910669
0.64960792824702273673 0.66690298742665443665 0.6958040103963879508 0.68799142431701143519 0.6647132378379340123 0.66774688183930763774 0.68735281804052461574 0.69464874661301079239 0.68475628596883209021 0.70020879564326066191 0.70489231563256948832 0.7277939774655102223 0.7173066656204846181 0.74074671187494800506 0.73195764127984574987 0.74106484208400902336 0.72371617888214290204 0.72369466447931418696 0.73452823981066628356 0.76182260687133096511 0.75124053714871519283 0.78304707279575325174 0.77275002216312393966 0.76877724261275026674 0.76422205945154497719 0.75253945429179136539 0.7340087845501244157 0.72229620397072968885 0.7259108193564803857 0.73890121559493282533 0.71167818849010699989 0.74350408596187300692 0.7659567842121733916 0.76298930983303747677 0.77556554656176435181 0.74995365389043011639 0.73655405106531968151 0.69995747659349460967 0.72351710750679532058 0.73458604395232585116 0.74757853083657432869 0.7757218252980103701 0.7697885209122719008
