benchmarks/avaInclinedPlaneEntresTest/release1IP_d553e2b322_C_L_entres_dfa_ppr.asc
ncols        1001
nrows        401
xllcorner    997.500000000000
yllcorner    -5002.500000000000
cellsize     5.000000000000
NODATA_value nan
[rows 190 to 208 of 401, columns 0 to 43 of 1001]
0 0 0 0 0 0 0 0 0 0 0 0 0 0 0 0 0 0 0 0 4.9731112333248548296 13.400638389468173983 18.334818348161032731 22.374693521382102546 25.012843905492609053 28.184986433800485628 32.462785329317647154 36.72387688578142928 40.559296763228928739 44.152697971665659793 47.578434758975134855 51.065806300855911104 54.293869297524885553 57.364405472437475453 60.075429039431327283 62.622136650221662535 65.068805598532961199 67.384788179564296229 69.56324130585686305 71.555871958702795155 73.414796186114443799 75.116700671272653267 76.643764876426246246 78.040564657208307153
0 0 0 0 0 0 0 0 0 0 0 0 0 0 0 0 0 0 0 0 6.1547890765535715474 13.400638389468173983 18.440823372202370223 22.500729959987257445 25.012843905492612606 28.382259642884463346 32.53243265083067115 36.625337991983165864 40.471557441100088681 43.965976102797952763 47.581838646296091611 51.028307430092255004 54.344534760807796658 57.37999333451585926 60.043074202626669944 62.556880533799862576 64.968297325580493862 67.243215152766325104 69.405458239785417618 71.359303152465855646 73.195086625959547177 74.789754636851668579 76.247670209355334237 77.619018502108147572
0 0 0 0 0 0 0 0 0 0 0 0 0 0 0 0 0 0 0 0 6.380543456878733366 13.100609262670930732 19.259065212792936705 23.502743580665249823 26.369958871996136196 28.621012819010640982 32.616591162238790957 36.743635629874979998 40.527504852610604758 44.222288287951755592 47.687660533523064998 50.974046752578253461 54.078245999983060699 57.062039900516893454 59.78799198019626715 62.395545162176084375 64.825160445660088726 67.035035579978412557 69.060171088152159768 70.963635400247682128 72.784937333426540818 74.312877258697668026 75.78687063138056601 77.162334977945747028
0 0 0 0 0 0 0 0 0 0 0 0 0 0 0 0 0 0 0 0 6.463883502368047651 14.040323123527523208 19.028676391455867645 22.995980462333644567 25.06966482092714088 29.064082100426855249 33.313527492611839875 37.316671517621330167 41.061671441714921116 44.643301180044645093 47.881309697497364652 50.843291421755772319 53.486123657422218969 56.187426285929937819 58.996475419930241912 61.570186618756764574 64.021817123396161264 66.252464734501828048 68.386672664218409068 70.25555949043256021 72.000875938328604775 73.602786173665990077 75.03876022292666903 76.445605444306650611
0 0 0 0 0 0 0 0 0 0 0 0 0 0 0 0 0 0 0 0 6.463883502368047651 14.040323123527516103 19.028676391455867645 22.995980462333644567 25.342709197439404534 28.968114133492225193 33.27819575748112868 37.309463113347675289 41.240246294586249576 44.848272440346633516 48.145455618795487851 51.002504106611574741 53.584763834415220174 56.027788908007742918 58.615280072094293473 61.021370852656183104 63.392791086140853452 65.670447594914975298 67.729858152383940251 69.66915140561242481 71.534324076223256839 73.209695182317062745 74.753661307977253614 76.208396909170659228
0 0 0 0 0 0 0 0 0 0 0 0 0 0 0 0 0 0 0 0 6.6668475740133379404 14.21704147658683226 19.146381852211415975 23.164099130203570809 25.278097497167543395 28.672449671119633052 32.924145672139978558 37.181778783723025583 41.267054571591707202 44.793622170538206717 47.924276239008371192 50.712704328244605279 53.534255772192857137 56.269359395009679758 58.87712361548903317 61.283745459359167285 63.439095197918540237 65.615476870042428459 67.718299760285773914 69.704422261420191376 71.61774717957808889 73.394330032797313379 75.051776627239647155 76.542029808861016704
0 0 0 0 0 0 0 0 0 0 0 0 0 0 0 0 0 0 0 0 7.5584940576441344007 14.513038342466005659 19.582566731931542847 23.701152282256149562 25.852947359490645596 29.293932159107505697 33.328919211980107207 37.493458199043999457 41.430255384048308542 44.912883886332920724 48.066373570494114631 50.88646578977380841 53.601285996027826286 56.232781828295522075 58.75620931729562102 61.157136231088898626 63.428965599972968903 65.653145135799192644 67.712246737284161213 69.614857945001944017 71.380185658947922889 73.003033528638709981 74.467244582298718569 75.977012354849435383
0 0 0 0 0 0 0 0 0 0 0 0 0 0 0 0 0 0 0 0 7.3926964651231656944 14.387589848879111187 19.597480357533402895 23.913521840770666671 26.292255446954264642 29.65899517223565951 33.652192889637710493 37.587257958427478854 41.163551397858611836 44.494830300236053233 47.683372726978198841 50.805390364503104195 53.744131885912018731 56.442433464824922851 59.023360926604212295 61.559824733058100321 64.004460469328336103 66.282930640987189008 68.389706101643312763 70.227715427726991493 71.966432630377312307 73.569289468343256999 75.087685346120750296 76.540021420135232688
0 0 0 0 0 0 0 0 0 0 0 0 0 0 0 0 0 0 0 0 6.4710385904059064544 13.19163729408529484 19.178586177757992459 23.546738282990915536 26.829185740370924407 29.475098483069984923 33.745552841610397365 37.457848958216018787 41.103176342234924334 44.495947663265717154 47.825857245639504356 51.034749363406234579 54.043395850925683987 56.807992858179197526 59.254717975981122891 61.502783747523601221 63.806940435098191244 66.07148281253562061 68.115800584908754445 70.109058111464264584 71.924356970076146922 73.632109587637472714 75.251136476651495855 76.891302923993549712
0 0 0 0 0 0 0 0 0 0 0 0 0 0 0 0 0 0 0 0 6.4740102680567366278 12.998505647989400558 19.060707061324634992 23.546738282990915536 26.164644453937786039 29.057935200288476096 33.334722063414311322 37.13027353304006084 40.754555333838226261 44.314831725496311776 47.566432204471901457 50.657291237936526329 53.739114793234925571 56.534986914857114471 59.15609875029534237 61.619679494188133617 63.956987267543588871 66.192217760102224133 68.182273075859754385 70.03872747441289448 71.95529229319529918 73.902572258085328372 75.765694177748898142 77.567675365190225989
0 0 0 0 0 0 0 0 0 0 0 0 0 0 0 0 0 0 0 0 5.4026292168649057146 12.93998829294770303 19.191092834944750933 22.947355269176874515 26.252978281253653847 28.714369622201438403 32.800221704299531211 36.526827476350895552 40.096798583927025561 43.566666223304935102 47.02980905488961838 50.275825931469761088 53.273359411351201231 56.118522863074915108 58.808924831704636915 61.392197552181961839 63.739469104503164942 65.909407616183841583 67.833801764617831509 69.526346565819309831 71.639689121951192874 73.77607714322741117 75.806602305616095805 77.620420145793332267
0 0 0 0 0 0 0 0 0 0 0 0 0 0 0 0 0 0 0 0 3.6743196209027400023 13.805430687013144464 18.392187364864021504 21.88281057651911965 24.978496610310937598 28.402163555738844991 32.207012827742701688 36.163276709880470605 39.734784598694893987 43.456459475279764604 47.09150382452968131 50.371089979073964571 53.373971743690738379 56.167668415050513886 58.719028553326268138 61.200722035411274646 63.625711276077112188 65.897668312315502703 67.884830457355704425 69.736806833122599869 71.921932768213778786 74.093061629322988892 76.122945270622238922 77.98863057131019616
0 0 0 0 0 0 0 0 0 0 0 0 0 0 0 0 0 0 0 0 7.3218214801150542925 13.805430687013144464 18.392187364864021504 21.88281057651911965 23.956988424407807514 28.552312698639195077 32.727173539051371165 36.663905027293189676 40.397303062177066124 44.049649677482747734 47.439193436364249123 50.891672852108627012 53.989881892325811918 56.89780772848848045 59.556449684027967351 61.840922066663864598 63.979865653191865249 65.914630366036149667 67.912031338974941264 69.995282501057559443 71.989575996188918339 73.984891359920013088 76.072624698361821061 78.009598404921845827
0 0 0 0 0 0 0 0 0 0 0 0 0 0 0 0 0 0 0 0 7.3218214801150542925 13.795057967130899712 18.849159817917040982 23.553751250201280243 26.842174000149373825 29.561512604916092783 33.804305877175096384 37.419415822591631127 40.81714078021057901 44.151536212782318103 47.50514179310000884 50.789840497799211505 53.771029226428503023 56.604114512647477397 59.305756931359042028 61.632381439731780404 63.873284323942428387 65.852344689197579441 67.845183943629564283 69.846995492152430529 71.853909992441572285 73.876987349260915039 75.892916733801129681 77.793462777849882173
0 0 0 0 0 0 0 0 0 0 0 0 0 0 0 0 0 0 0 0 5.6887933879459255948 13.428301948164889978 19.572871878257327438 24.311407999849055983 28.160013330186565383 30.913736489076889313 34.66696650739508101 38.429311442113856856 41.816267648441602489 44.826922801738348312 47.712439522324871177 50.921351096991237739 53.858086686680792354 56.54408242633322601 59.004570374130125288 61.315019654109335079 63.502789430932118364 65.813898113067821782 68.021269520949729781 70.088574108879541313 72.130400209709421233 74.043604449830425551 75.926680745620686253 77.71505541744741663
0 0 0 0 0 0 0 0 0 0 0 0 0 0 0 0 0 0 0 0 6.6979956969299179192 13.955365859606397194 19.81496338754687514 25.006047184082571988 28.507577756442991301 30.662514094306743573 34.82074664437999445 38.566169094838187448 41.842400207590543459 44.786523878012026501 47.422508323362883687 50.301930172294504473 53.164200817638068486 56.279785257287002764 59.311798283056624825 62.126062099245714876 64.68864944623021529 67.017002001291473334 69.08903772746617733 70.99021888505330935 72.857130041406207965 74.866717671340978768 76.745986564129552221 78.510431416776910396
0 0 0 0 0 0 0 0 0 0 0 0 0 0 0 0 0 0 0 0 7.0808856672062265858 14.227053827735151259 19.679596749432057834 24.361795400303456915 27.028101883732627897 30.040561970486756138 34.077237974015524458 37.874293000062948522 41.415500605735878992 44.608256251806189141 47.402758199573256093 50.283086741632843086 53.492577333954493213 56.46887675144107277 59.41056185617237162 62.118787569788374014 64.770459099522426527 67.191434258225783083 69.422878386791353478 71.473797449847609187 73.325383932249820873 75.181014891944570877 76.868828733886587656 78.514940021550884808
0 0 0 0 0 0 0 0 0 0 0 0 0 0 0 0 0 0 0 0 7.0808856672062292503 14.227053827735151259 19.679596749432057834 24.361795400303456915 27.505631831626100592 29.580233640099077519 33.758857189867669035 37.624784525320002615 41.091147192659391862 44.35476419429867434 47.190586593651040914 50.327566545368519257 53.704311958555898343 56.921097768380953141 59.93903371466317509 62.689520975864894581 65.272593903050449171 67.681128639683123538 69.938704053780497816 72.126441070031305003 74.064029927884305948 75.817430259103943513 77.431874781447490363 79.037696282166464812
0 0 0 0 0 0 0 0 0 0 0 0 0 0 0 0 0 0 0 0 6.2890885139129970582 14.077362128755238402 19.119230011710250494 23.742488791189430231 26.650536726700472911 29.467039486510060442 33.82575211042738772 37.741448365819515232 41.12242919822607945 44.348711106302936003 47.089063278048634231 50.514620176723788347 53.901922614431143188 57.23809719315772071 60.184195474487623301 62.970019498908271771 65.580669773491351293 67.986700317617874134 70.216917834959744482 72.224509093862224063 74.106861938798303413 75.805433406494017845 77.569268876344310115 79.289780705118587889
