benchmarks/avaInclinedPlaneEntresTest/release1IP_d553e2b322_C_L_entres_dfa_pfv.asc
ncols        1001
nrows        401
xllcorner    997.500000000000
yllcorner    -5002.500000000000
cellsize     5.000000000000
NODATA_value nan
[rows 171 to 189 of 401, columns 616 to 659 of 1001]
7.1803914979071592484 7.0992943351033339638 7.2915967315085250533 7.1478908119598214554 7.0285630787811363973 6.9381988138598087446 6.9038476848156244969 6.7694885959419535126 6.6540711826516192318 6.7929123077818696075 6.886383867222794386 7.3509122792024337301 7.4334256847539306179 7.4334256847539306179 7.3589150058886172445 7.1801655430261543955 7.4008968027883828 7.5804827651942110478 7.5270619775084428582 7.4643928866429281044 7.5201351060852044128 7.5278037000687838542 7.6750949562174408669 7.7814001730665562917 7.8152445448150045237 7.5819370130803545038 8.0270514350053900898 7.9408553129946062299 7.8568891960747544445 7.8584167290830269081 7.8987208097173118304 7.865622847607441237 7.5120755743616518529 7.8205676342077730112 8.0006684071675788772 8.1714753433143041406 8.2189025248157072667 8.2129469796114200619 8.1514417167713464352 8.1013593526421132651 8.0616211193786497802 8.1481559951994189106 8.1686642182322497518 7.3947535503551353742
7.3975445443810468049 7.2446465507814208351 7.1351017987430802592 7.045618988485753853 6.9845656951529688783 8.0103872583201649604 7.9728906450872250034 8.0151655213909851483 8.0533633194364036001 8.0061699696098482804 7.8729160859425535435 7.6997961900669329438 7.5386886343606898109 7.4408973773658857453 7.3613719371848915785 7.4763024704071243676 7.5246836998475696845 7.55124572459537724 7.5207725125255979748 7.4713040116815045977 7.5289178658171502789 7.5705613114301053557 7.5950293236930495056 7.6413002263879388209 7.8188687279449009537 7.8999232665385861196 7.957605770456138039 7.8992397859829885931 7.8984589327859824337 7.9108530167412931533 7.8987208097173118304 7.8470458759054375619 7.8830478051295829189 7.9748551542825261151 8.0434153679339939202 8.0837329579168368809 8.0815370671515101009 8.0444337824283298488 8.001457856240378419 7.9431119443743707365 7.9164584952640577598 7.9081791688133753482 7.8002741424991546282 7.4233852743025456888
8.0993952083157125799 8.1607736023821519922 8.2371225123648112998 8.2801239774465766885 8.2918136466981238186 7.9813193947825489261 7.8403732037349502804 7.8485027082119218633 7.9564397362577636841 8.0512763002521072764 8.0167376304895832106 7.7813171765883542008 7.5320246045007781532 7.4336072950253191394 7.3882575246266233293 7.431720224843751943 7.5246836998475696845 7.5508996210095133961 7.5643475628266410027 8.0521409614873160621 7.9493846785069273153 7.8305154591838297407 7.7107476827332304126 7.6997458115912724708 7.8188687279449009537 7.8999232665385861196 8.0715356989149960043 8.1600793941877416415 8.1600793941877416415 8.1284537983297422414 8.0158453687281401301 7.9541332743987132048 7.9116491314284997927 8.0379294374919290078 8.1536669780922697015 7.9530900522654270901 7.8646221197355608012 7.9009244707193291291 7.6871145839487411422 7.588382533341162528 7.5772993733407965067 7.5258690688285616588 7.4287520348009197235 7.2542559669827442193
8.2606834335406400527 8.1389714034413547239 8.2371225123648112998 8.2801239774465766885 8.2918136466981238186 8.1338654812878097289 7.9912193898336401077 7.8775877494643395949 8.00599603504883639 8.2080657957437264116 8.252808368820259588 7.9606465234187737678 7.5664271331173944546 7.4897888404375168037 7.5248918405585909497 7.5730477992853186819 7.6795914183913920326 7.7797802311801760311 7.8711004144421998774 7.9015865972206604795 7.9379114481751935628 7.9162562144090493632 7.8607257977951610073 7.8564293452658819916 7.8805181669950359336 7.8989034451088189215 7.9539557562831033621 8.0378209164859288904 8.1075709848576078542 8.1513493689576321799 8.2413942576614971358 8.2759569540012236644 8.2254222123793319099 8.1840699063466484375 8.0527700028448876424 7.8539744394097281699 7.7260917756616489527 7.725355999225175907 7.7267520063887911164 7.6686835306375398247 7.5562978092055343993 7.3803638494619576704 7.2737092650226742307 7.92229609558750969
7.8557693358454274701 7.840641883993168193 7.8275497465333128133 7.7756777119269528953 7.6913792641454525878 7.6733814642775666215 7.6258457184320738165 7.5432853879711121436 7.4602541619330038358 7.4395093523627391363 7.415378168643457002 7.3993593336133827165 7.403399726407145387 7.4824848669309282911 7.5463537222933689819 7.600945595836761548 7.5871680272993096139 7.5709303782752455092 7.6296868738476133487 7.4706918906739891995 7.4546550524295307483 7.4456191181620630104 7.5144690673237573009 7.5262207835263277289 7.5946573273447448571 7.6555009026432800923 7.7465588697534428775 7.8609847613976624459 7.9780832839640094534 8.1195132859499139499 8.1594276932868350372 8.1848139178780474623 8.1069866502283378651 7.9745128669862648252 7.7849408706216784992 7.6375301127519987787 7.5423171567166216178 7.6333272381811738683 7.634558271730931267 7.5971484787419756302 7.7166580179369983483 7.8016647338114681887 7.8246328555814335104 7.9222960955875105782
8.0210674996986970342 8.0335591236929673187 8.0173769882862728764 8.003507804151338334 7.7948661465190332009 7.6604199233143797088 7.66484634229284989 7.7066430779729948597 7.7935371747073398652 7.8713462955600670412 7.9436661008979854159 8.0064727147656888917 8.0006430141955178215 7.9039832681168622486 7.7656996292249163005 7.6114455950083508284 7.4265829811477894751 7.5752396551053822193 7.4492988285937835613 7.3234589305921584668 7.447101546918711179 7.5328064898919055992 7.7944291412313404521 7.9289583119813284995 7.9427937352887285627 7.8982347256362057664 7.7125480630200415888 7.6151801071787970088 7.7773639490967392263 7.8003036101240112998 7.8243317342745895004 7.7500744224739284149 7.5535877146806988947 7.6937947482593918025 7.809091364984489303 7.911509223487263931 7.9196977989714891777 8.0187139769673017042 8.0715664165302261068 8.033235574753549102 8.0213813249020251561 7.9742318931808933158 7.9551344110838391188 7.9071386210186984655
8.6876784788431535844 8.5583582980036858601 8.3921013280697440706 8.2269749752245715513 8.078241790552059598 7.9223884919839182572 7.8302154549916149762 8.5073713990208723601 8.7461055525576334446 8.7461055525576334446 8.69885402938728447 8.5221768697375548385 8.2928561998691918689 8.3384624898380028668 8.3402236593264174047 8.2854464466396517963 7.9845721996978182844 7.9705988832024097235 7.9442350221938058397 7.9956849275807195809 8.0217539026849227213 8.0675945120880054873 8.1057134527176657457 8.0968625846326425233 8.0545319892994573507 7.9803078091073382794 7.9064323582478559516 7.7511456616578584544 7.6787930540182225414 7.6999691089054902449 7.6909041275205538568 7.7321173215051564043 7.8603200099821251001 7.9805873233815507461 7.9762576652091397023 7.9841925062806007318 7.8983957035768286303 8.2356465403117358193 8.2021602634305956769 7.6707334637674415845 7.5999589222105843334 7.7751683197752399224 7.8922949111068030348 7.8922949111068021466
8.7223892281672927851 8.7149454501092353809 8.6810120878800880462 8.6784239547503982948 8.6361920235736668872 8.6996926917055805717 8.8084329654686683853 8.8061102331012879318 8.8575127842134104839 8.817612391819764639 8.6527026104138204943 8.6366140608171164672 8.6795123228118935543 8.7991613709082407979 8.9371925701214482984 8.9114358347902111745 8.716287684514966827 8.4636652188154499754 8.3612195139691554147 8.3612195139691554147 8.2162387279015494101 8.0748923091717621503 8.0031045345647999767 7.8579629009715503685 8.0737804180366037343 8.1869226218392334715 8.1945831356638567655 8.2652297313644087495 8.2513460494650860966 8.5253586185031657863 8.9216600681536117889 9.1398455463533903043 9.2533660281596219477 9.382318497556063619 9.4760568105857831966 9.5616061002189614015 9.6066827087511210692 9.6260318294105644554 9.591077436383571353 9.4383912927794018088 9.3343343997690109148 9.2138716504114892558 9.0914772383533986044 8.8973433078611368074
11.916416401097540856 11.610187831085502452 11.132295952976313913 11.070301514144739841 10.908425973310100332 10.64711168884655379 10.266301098105449441 9.7853768083801195843 9.1658482391722362337 10.825002592469042284 10.763829356559680761 10.444804216099006666 10.11934389553384861 9.713924239802089744 9.2721766809116470398 9.1150283674203240736 8.914852241487050577 9.6247563356786258737 9.6247563356786258737 9.2316320741283099949 8.6668035080210437116 8.6931954043893533424 8.8054451200094021601 8.8791299670387768828 8.8958425583112248347 8.8545750816298838259 8.7791241084160827057 8.8613850564943792421 8.9207252990019174632 8.9861413565025625161 9.0262550406116197621 9.1328731238978200224 9.1841071748064724289 9.2469587420057770544 9.3223967584626024063 9.3917837225952620628 9.4799126330338641111 9.5667414980485308007 9.634670688450773568 9.6114641180672144571 9.5612069443300953253 9.473400278868162161 9.4682723479726256244 9.4071618878945439945
12.496446438030140769 11.909703304308694172 11.259234058672703327 10.942378522314497147 10.824719953203636891 10.790655812582599538 10.785959718677323949 10.816134768804618105 10.877030225378135242 10.840580247704432182 10.785419469312461871 10.811465907931333774 10.871471144248548768 10.813292080905418047 10.679317852478177997 11.413674907575442674 11.344212627795712933 11.259096131682893471 11.182127512387689094 10.996237261243441807 10.673740159445449294 10.218508546417041316 9.3929009296995236156 9.4605897004684926799 11.297266633696228411 11.670235057435686343 11.467211556455474408 11.002935442410437972 10.488606250986437729 9.8792834174025490057 9.8074740111496456763 9.733437964167260148 9.6355751213486122708 9.6167074513162447147 9.6033678100549657586 9.6015479149942457582 9.6215246659712736488 9.6411506509935733789 9.6326826947836057258 9.6071513808789763544 9.5715882636363875946 9.526837925724516154 9.512119137157878157 9.5010216734007890693
12.446426370512750026 12.372612728411883865 11.947692513384051693 11.714732549702915776 11.580929176871750386 11.495653047851028816 11.462753194982640892 11.448713398463768343 11.461815668954788094 11.479848534742124855 11.520079661086677802 11.470359895144857987 11.38612843718280665 11.308483497541176988 11.184928667586351736 11.134306662832825552 11.244862410807266784 11.378356724837114911 11.456776462445629861 11.462603242297664252 11.4251412104507164 11.376621446146616634 11.413253704733211435 11.448304879218241581 11.461615376672217081 11.452002945938245304 11.250451980715832079 10.890831114565090232 10.483529719703039262 10.061549591856520536 10.017139043295678391 9.7790108488758189509 9.6884359782119648941 9.7101573675961727616 10.196758880402850167 10.316909556855989649 10.302668921579812178 10.188680173314168087 10.002167457505782622 9.7251097316916848001 10.118021850540143802 9.9660055253934274333 9.5248504391296329175 9.3757765615530530567
12.124273849242909407 11.969856664872729368 12.113173983865783256 12.191608994416295531 12.213511378847332622 12.086335530060070553 11.847568306543736938 11.521649378776283257 11.470437314345275581 11.439272362216378554 11.408194172306766134 11.344951788845229146 11.274370030330803871 11.233277944370714252 11.174328832545478818 11.186378493537382894 11.274760818333867007 11.408744442184914902 11.433285993405068126 11.384190383932015322 11.277437570765110664 11.070667701438781094 10.889112549665407315 10.774711526638691694 10.664469990466487914 10.573001256731563657 10.401981151752238475 10.274323876413134826 10.170309906296134628 10.073160431153748817 10.06259453212097732 10.022966934423454433 9.9659397031651604237 9.9858782595585555697 10.111691158723564499 10.185768198956345998 10.196827430238663226 10.182226596230204763 10.130888829908634818 10.109482783468262568 10.061127395428608011 9.9014117303856021834 9.7598825671051816499 9.5461340190831087682
11.994935886088201826 12.126123127849490757 12.158357220837945789 12.117856639770112182 11.99544974970738842 11.89430955091516573 11.712048204205606439 11.199228480844633182 10.923948773934181844 10.829075175856786473 10.848129405374685064 10.956541727048929147 10.940918196700334164 10.973097525120788731 10.996592928500509956 11.049813286480253183 10.970100139933952832 10.829986171396999595 11.243360545020967933 10.964870636382286762 10.817835475178629423 10.692205712246931171 10.566796486626609308 10.330937001030191524 10.089970830337538388 9.8489154068784507956 9.8156769024698480308 9.8754595025742322179 9.9005036174639542423 9.8726949692518797264 9.8707282314883499907 9.8062054012312138696 9.7329408984991978571 9.6768498913430462949 9.6291712590654068293 9.570586965769697585 9.5365790247062616203 9.5743993118189170133 9.6027900818717615294 9.6157252005215241297 9.6747493257907049014 9.7910525790453792894 9.8020488898795914423 9.757736082704990821
12.196101932492986464 12.283997372506096468 12.344796993692080278 12.331402403779144095 12.203581900672896055 12.059430941940197712 11.885542238742372589 11.703001919679886456 11.516675157764240112 11.415233171707132698 11.383860094785793748 11.281033101430661958 11.101865988089180348 11.02688782661526723 10.988529584935362138 10.930948470072797463 10.905023084569439362 10.989212116763873439 11.072364596910208689 10.951013486949575437 10.882260578468665457 10.847148009445207961 10.782154986586018452 10.660900662962138341 10.720628240200381853 10.790674232146383105 10.715564152517329077 10.59713250193516032 10.391118759708465547 10.111621039601214278 9.8809735462484695745 9.9327562561245539285 9.9880879270702003225 10.015624073749247458 10.068028391002929567 10.120552246495472914 10.135640405070729386 10.141130599831756243 10.157755391658133348 10.197249009301300404 10.247232608106758178 10.332549710060444426 10.407903920390275232 10.474625032838119409
11.865341435751895816 11.915838507320813733 11.895439610385876605 11.869925487911826778 11.798396576511226641 11.750253987696742897 11.719322784416046801 11.631376361413595433 11.577675298790881087 11.615819131949573162 11.647384033256255265 11.554991134657269569 11.445318448587304516 11.316083855413863191 11.216872797767779346 11.143053135725471847 11.10834510469092784 11.025708593755062736 10.948041811335899709 10.921930008379804988 10.940890651523792698 10.955492932813294615 10.960594878675964381 10.99768459522946884 10.99350841104127241 11.228528389586005076 11.564464326887632595 11.720892382327154024 11.738379658124442173 11.642747497124529943 11.456617369857045929 11.215629260569302872 10.885782488997481465 10.54257985212416493 10.327142618852585443 10.383630088778801337 10.411468803419255735 10.481507999744255955 10.537187895091626899 10.5921744860706184 10.606354309684698833 10.626395138976327814 10.629227113440778751 10.629070485815693914
11.200155582262693699 11.213673725891098343 11.20999115095605525 11.23150387770153813 11.218476935343776546 11.229778864592207199 11.312124964142816097 11.378876049324000874 11.439487304698717551 11.486192148630768983 11.533903332703026479 11.504303838639456714 11.47171753755518786 11.387859323988362092 11.298407194550327048 11.243992270536050881 11.208379428551774382 11.188233254321122701 11.152253645445602714 11.105242252166336314 11.094688238956427639 11.158551276947470399 11.228995903480509355 11.305630233721112532 11.400096155772247997 11.53937825798821315 11.65376352650787517 11.848461704927043314 12.119416513843983552 12.21380820399389755 12.202211687058152734 12.094414517758087513 11.90968123325193595 11.657907440916222441 11.358247288949470999 11.066090005483507852 10.719304903134547757 10.408108443726465708 10.309358048777014005 10.360281950493433811 10.420855778622740928 10.487011487962375256 10.548061663153522005 10.594056929851085158
10.223117425070476827 10.298539781114902425 10.360807343041729567 10.457351459042261155 10.525452821494420519 10.617041840667479136 10.792505328861913938 10.888120375149297203 11.042789798137121693 11.176090105710294154 11.191658536689740089 11.192568737508095111 11.191330180444555964 11.147026245616457274 11.127356823996937152 11.092454131035015763 11.138335713693006568 11.156211626853730579 11.139330324139658401 11.143207487107597231 11.118152495877707153 11.163533685668706852 11.241920434174975441 11.351261413837866243 11.485021307488576525 11.650302561755008668 11.800305827409124149 11.933577730121312399 12.004288688276236741 12.036765401562393052 12.073003331974826224 12.035313114937425283 11.8759353266848251 11.619469360865272378 11.346707730345519494 11.053317751115898204 10.716790951472415117 10.408163864388319197 10.079527008134094856 9.9121742405885715499 9.9865873765954269459 10.065581408028910104 10.116105348918615903 10.182661334648601681
9.0398331935911961921 9.1273052568138020035 9.2485139212148119725 9.4213479307995573464 9.5838666345700005422 9.7341135612655449449 9.8196508739472090355 9.861489858496492289 9.9299972662205622242 10.046243899655740606 10.114268759146682441 10.165312646432282051 10.25144824086238593 10.336172231971813673 10.385372323011077711 10.49170425907166404 10.559992572338650518 10.659682059965559731 10.65761687385306189 10.68427399108739273 10.688747963115346806 10.709430406701832439 10.769275867352670062 10.873193025557048585 10.971824037096903126 11.107775725954665447 11.183062609657534736 11.265013356239482079 11.37555414374245899 11.444300092157257964 11.526640893912137642 11.53424737636052555 11.448715030406745541 11.313026945635728637 11.136934885299096365 10.940964705583915872 10.714524635355957116 10.480111805960653726 10.235961715387023929 10.003563162905949824 9.7851293208770027121 9.6355792685913890239 9.5044048650725532212 9.5058746035104384475
9.663649708006218475 9.7476659721937686243 9.7768283588703202014 9.7841217610984756448 9.8349612223009827972 9.8973422821270879979 9.9211634689741128312 9.9235415452431663397 9.8734107307397174225 9.69982395342970527 9.3457719125994405118 9.1445504131249233382 9.0971605462797509034 9.2094120183143708402 9.1970884994181414385 9.3116997638760583555 9.4074905807403528257 9.4852214599444231169 9.4640827675554373144 9.5385538717117697161 9.6414430576800214112 9.7230506067544979487 9.7860446230088236064 9.8629403452212436321 10.081021601445696589 10.230182433330877956 10.356857937321612084 10.407507477464681855 10.431426304697545504 10.436639095935705157 10.311812767776125099 10.191920696177039218 10.180845502464755725 10.189440959507464868 10.137118718621636049 10.017424129182881387 9.8892297933020127942 9.7594384860145861893 9.6842994216390021478 9.6495574172112306144 9.5952648361809647071 9.5890409478817666411 9.6255750118234786328 9.6030382547333825727
