benchmarks/avaInclinedPlaneEntresTest/release1IP_d553e2b322_C_L_entres_dfa_pft.asc
ncols        1001
nrows        401
xllcorner    997.500000000000
yllcorner    -5002.500000000000
cellsize     5.000000000000
NODATA_value nan
[rows 209 to 227 of 401, columns 516 to 558 of 1001]
0.96364311647886691237 0.94090706947598545806 0.89906938596673313668 0.83386660746003737898 0.78538328997143558308 0.73699556174176872325 0.69525989326347181763 0.67440125949974438768 0.63548011350995714519 0.64401200757351118042 0.65450654116683626427 0.65718475519596486478 0.66888754925572535548 0.68595331899673483989 0.69267276746557937539 0.68739285330013599751 0.68673153101481765326 0.67692605273532724386 0.6956111168206688955 0.72183118140314084243 0.73186016896143613053 0.73878108068683956411 0.73656193159055305397 0.75016215336218683429 0.77065375290907545125 0.78361925764006279405 0.78540085759747713112 0.78994641330979820104 0.7962579828965440365 0.80265689928360817174 0.80380577178085710344 0.84083039606769127694 0.8400936980336214388 0.82817472345843767823 0.8454443584205433293 0.81822950220032097945 0.78747461730146850467 0.7678956888890346999 0.76041021953322296412 0.77033079754522093552 0.76079430933233049839 0.75964298978033195642 0.73653453912431621209
0.77280792476726067886 0.78786086239379338192 0.77726476767079266672 0.73461222977479101459 0.73676591053045559221 0.72338637229535263096 0.7170236787227234343 0.72832141819897155965 0.73538035476607088725 0.73737304104332601629 0.72487122648683566251 0.72562504578639497321 0.73886227508959578802 0.75255401380055475524 0.76963466225347998417 0.78682599820005627578 0.80335798426701943153 0.78953123798754898388 0.77907328676422393787 0.80700175638625049057 0.8238958379564015333 0.83425337111790121014 0.84704612787225386228 0.8416361718453748697 0.82315275432263557143 0.79638168128279041014 0.78787166385157958448 0.77745747803155784705 0.77549440648128964426 0.76490543155178591928 0.76356900985305886653 0.78527231133928387941 0.78779719912182821773 0.80120892526147258206 0.79940086124745457496 0.78201637286374514613 0.78497443397575750179 0.78576258459506598264 0.79924460811351760725 0.81038095225760209406 0.79794263073943261233 0.80974033658604738228 0.80482534332668032029
0.61845921160666605942 0.61155017259592403533 0.61538526312200225732 0.61932987071922662725 0.61798551451057615047 0.61088521533601403135 0.61013556584732864252 0.63903128365299455282 0.66113761476157562047 0.68429827147781141505 0.69789687554757517951 0.70318012192560408469 0.71264024303872486321 0.70881331265514790907 0.71174563254631895148 0.70718012689834597317 0.702927561987130467 0.704654131798772565 0.68305978338862649579 0.67728504957223978344 0.69252156009092291633 0.67985490387883751318 0.66257990561824053888 0.66475896470337170197 0.66650752703485738326 0.67257005547102188814 0.70624280281140405791 0.72213582010539001388 0.72890414054453533943 0.72836303599927199048 0.71459665196561927836 0.69578223294674657051 0.69185816856038540035 0.67888628538214290664 0.67716916159593032454 0.67379026037613587441 0.68009046196178979393 0.71058015733953616699 0.71963000705207258445 0.73670446616249529725 0.74499410567258106397 0.7520616331499703211 0.75931245326745966384
0.64393363126946834285 0.65498340390407516765 0.64697460993998612278 0.66492181458874954902 0.673591443225343256 0.68701191452244891877 0.69108167958755850613 0.68259015906156039755 0.66745277195096242018 0.66790907094580065362 0.66797709866692223102 0.6719827243395019023 0.68134231175588766405 0.69086170304104033146 0.71726862432366178535 0.72034553847690629969 0.71651603047076384279 0.71586308269883902611 0.70858261460675109333 0.69791215228511593871 0.68392559972044397743 0.66506336937705401446 0.66140524588109883553 0.66073758267208915207 0.64563483490007034238 0.62210528616480820219 0.59197786372509308972 0.56127036182500444905 0.54717569100095231338 0.55754105378518392655 0.57926980549278717092 0.58343089441818962726 0.58892043965603446676 0.60067625494291920774 0.61528836270158948629 0.62485266827142449397 0.63756746498320604477 0.65255199549791520486 0.67591941216098527789 0.68322062586156073749 0.67853428514452907017 0.68624931755080442741 0.68268988805932917519
0.60183654224347826744 0.58536749642527918791 0.58284342635766139828 0.57244894291624870419 0.56678766727338503184 0.55893934728999516981 0.54251544331182610659 0.54056835227337751704 0.54514314761978666102 0.54366218094732299271 0.55849805039059396972 0.58828134834801393271 0.61020148461731116285 0.63517301646668689052 0.6287004300040177629 0.61562436359682237708 0.57691385341936352038 0.54945373770869498919 0.51776109107706758117 0.48169614277009542569 0.46686642074409101522 0.49000719957197469423 0.51428479822738371041 0.55771162446767563736 0.58804985092971850946 0.60141100634384270229 0.6132082723027458826 0.6101622331922420539 0.59722135522024222265 0.5749633685385699966 0.55002934169982176105 0.52378325451618612529 0.49459283817747456968 0.49973876086789587037 0.55156995132232877754 0.56073552941894022617 0.57280566876961536149 0.55841128254424177157 0.58042003540793873917 0.59611610338831633182 0.59960910891060703598 0.59636763984759155743 0.58209383496186972717
0.60538609014559030541 0.60824710486833943879 0.5965235815983738199 0.58259111798617890798 0.57126657843283035199 0.55777792475773180225 0.55870401680483094964 0.5523627738585124014 0.56570709496261750715 0.58801800746597976399 0.57492293508294345372 0.57331023876788422822 0.58157664381253770802 0.57797875783084662338 0.56538917225372098407 0.54302693582053784827 0.52994055221438829406 0.55461898710817325586 0.56635257336569322373 0.550149141577236378 0.54726936223695776818 0.55975156344912824213 0.55433576179710286613 0.53243811926334216889 0.51383161356098028261 0.5102438580680134228 0.47814518238469533307 0.45766561224420615472 0.44115126428582934759 0.4620278615425690294 0.4752625901348120907 0.48376985736221167489 0.49969537799165147929 0.50464766345033496009 0.50582680702534543737 0.52880696003753890899 0.53188001661750428095 0.53844912717399151525 0.51825803792246327717 0.53100213098377357923 0.54814090134989434944 0.55509084690679499907 0.55738350651481471942
0.65760737000784552642 0.63635667178771382346 0.62068743007943782963 0.6071494083775887951 0.60086525085190989337 0.59379383699214882686 0.59716806540548350579 0.57445097583076132342 0.56918643602226615119 0.56360540885794796484 0.56796918670156404385 0.56960603486683336616 0.57438015513396389888 0.58140522483205114845 0.58106925143877563578 0.56879504541337355672 0.55470755123640025364 0.54223271528797145624 0.54324860280586417804 0.54539687555117066786 0.53131699987268754537 0.52752822041399016761 0.51377632442851040029 0.51733123607208109096 0.51665481866139884026 0.50558152372278197806 0.50785020951962411839 0.5392212565091630827 0.55431333727356046914 0.57080699698532200159 0.58722522780329355907 0.60208444467116595256 0.61633433708455009903 0.62631842929235481687 0.63472163217651023093 0.64800652077160503239 0.63647385598403938278 0.6270383258989992159 0.62778700285278687954 0.6166538550249514028 0.57864110466597862281 0.57984675552032982626 0.57673064445511390552
0.78819106694182849981 0.76886104852000014542 0.77597820002714179566 0.77769988855267524475 0.75113883149190074917 0.74315833579787859975 0.72700550488569681828 0.72203789637947479729 0.71419919985789170891 0.69621537628118901342 0.68165573911519061756 0.66417722745134055717 0.64652688896557775067 0.64924289745865049195 0.67070422386528205649 0.67422113508928982473 0.69075817616541657085 0.66315975891982992252 0.66059402851601589646 0.63747128501419925151 0.62759863402277304978 0.61375367591042906401 0.58639754001706212438 0.58764945470828677809 0.56689405888585986393 0.57652502107539616016 0.58262785576526532338 0.58040943951495660436 0.57320800642703639838 0.56228290697770055839 0.54880888400154914653 0.53693668459813037597 0.53200348065123448382 0.57309487615698728735 0.59240389160838224925 0.61649978695340323931 0.61864057157205343263 0.60248080333297537869 0.63089533956896326483 0.63595408078096360427 0.62930699803905743028 0.63864093260417875708 0.64907654798683422914
0.83350733694767020765 0.81639019083113995023 0.83060090480976045413 0.80812029617971414819 0.82349651820136804403 0.81164329992623895915 0.81260542683009229226 0.81774689683084733627 0.79417419022805080253 0.78603286558998197719 0.78941856033663571068 0.79713540769248847351 0.80756419584298666514 0.7927140648108121912 0.79994566902046959633 0.78153819424939408034 0.77131955721668254977 0.77085172902600163081 0.75875987064872851828 0.74770083455269853445 0.73679973914757612707 0.73132686039602734507 0.73214895823551184861 0.72892672316384665709 0.71944421422440774094 0.69825565638468556351 0.67942527101826599711 0.64275791933732118189 0.61093130790847349765 0.59590454132347137062 0.57224648642835329593 0.54212475063357101757 0.51229520264327133017 0.50294496403004063101 0.49311886237725716109 0.50033947314862847744 0.50365757979950709355 0.5219913041349941718 0.51472696606730383717 0.51234487330878952793 0.49786234549757230061 0.50847678519013628229 0.50237898851698037372
0.78399609875129305792 0.81988403176789359517 0.81800552554167305086 0.82982224535106596797 0.81871104984939291338 0.80955509044200479885 0.78775280460716989861 0.78209938819546076516 0.77053811455268994557 0.77584967235958290921 0.76516078715105306784 0.77888179492078679633 0.7686532398884231565 0.76408093182617153882 0.75818881534728299609 0.74541025616056710845 0.71874177838517705474 0.70365749363377572134 0.68775461517182689963 0.6564458108144599624 0.63783075918070464283 0.59901518348845250728 0.57570058597803686062 0.54042216023024214344 0.51579664439953243349 0.48333886391163993768 0.47348346733155444177 0.47294187354403605106 0.48158598449281941889 0.48599460411157485717 0.48458192621338580519 0.48002975917370294123 0.46872048941647365128 0.4408028280808113375 0.41876681078820887638 0.42382991258619179264 0.40324921339865532621 0.39068486614087893916 0.39803983275364601679 0.4184393586079204197 0.44200780774210751689 0.50814059466589978076 0.54844188747858080291
0.69149701895880644198 0.69726246796695745545 0.67548433985185130091 0.67527659571517184567 0.65259595851971607949 0.67779335527969597486 0.64816793784165427361 0.62484916581256244594 0.59604414785772397156 0.58170377396499794997 0.55957171182865228509 0.52567409687617627778 0.52937644419483320668 0.52774018644038012127 0.53970009883553904384 0.53010720772116715072 0.50425779398355963234 0.49943364225492659081 0.48614173563920792809 0.47684670327202871576 0.45992915289003138968 0.44748402261126152268 0.44968686154729081705 0.4594860844456942206 0.48438598856898851253 0.50547553602123873606 0.50523385879397519904 0.46611421551769455229 0.44304590854092223973 0.46400730343709206682 0.47262339155269961211 0.49382581505256256671 0.4933560361847784681 0.51564281968428726799 0.54411789053292569651 0.56784428627048366689 0.5842856442382026172 0.59525206360575355635 0.58112444128053020176 0.58170760063018955854 0.57342161119595946861 0.56132481653463661697 0.55059732693918383983
0.81406207250655115981 0.82868368397899749844 0.82410898820818467847 0.83057668757877956001 0.82401735226369299259 0.8154333429295271829 0.7776328784453904186 0.76675446798531443626 0.7389653552654991131 0.74181169447737937972 0.70903038380969840571 0.6925640346018853144 0.68968657203183869608 0.6694786692816224738 0.66113270593658768348 0.64746144251453841001 0.63337663672490063238 0.61351252092784880343 0.60348153851597841069 0.59086979727708421883 0.56911539012927492287 0.58003565339477125562 0.60100377303563712328 0.59887124644699729625 0.59438509618690715808 0.57758025055028405781 0.56423365666538460861 0.59335501982747984595 0.60542238589370911406 0.62754988884722495701 0.62120963384993832523 0.60884929710305057959 0.58019076430734339844 0.57445168211915276224 0.55005655451627644137 0.56342473985294372341 0.57403343306084630981 0.576343354894248594 0.56428592709861025156 0.57864173714374511626 0.59152669731712625989 0.5985107622004868233 0.61394849164941511788
0.86505408463236521666 0.83953103936165018872 0.8511217356713126625 0.85978053118504782493 0.86588988714645809264 0.84273530005048202796 0.83355960869505385524 0.81877095543803601885 0.80427313780079334737 0.83714311282586584273 0.81356274348645396532 0.83176022417522044172 0.82698893559639141682 0.81451643302908538491 0.80060903418923079489 0.77536470476692864739 0.74688340098353678265 0.71353664646231873547 0.70112740733765288592 0.69290704137011771557 0.68026664887965193618 0.66995411417734374027 0.66672241543058630153 0.65327545837349665359 0.63557967384213542861 0.6292336590172661337 0.63074124016036126061 0.63453026480860086345 0.63685399178070989379 0.63921861781613065201 0.63636005278119545103 0.63954521135362185635 0.64337027668997814889 0.64598529444631991314 0.66475721790672470668 0.67652451336521879366 0.68011033603391757296 0.67617348966054202641 0.68214837533297556504 0.67997339668480516472 0.6868038912066425361 0.69621448530711405045 0.69768343079536765394
0.71802925841301401544 0.70265160347359811865 0.70280896486862398653 0.71632102445533674118 0.73086832203571250322 0.73063286326911824897 0.73403252755238002081 0.69212596705811890718 0.67952168655200506642 0.65117445495552905843 0.6373953312864366616 0.61395345193871164735 0.60565144687413141611 0.60980976310067225299 0.60812279429627402738 0.60106061532502774725 0.58630701768007220664 0.5683267636000796097 0.55126979950548471443 0.5452805807918809089 0.55028210056966686547 0.55094727308749424921 0.57370282989467247248 0.58285517527330232834 0.56672816143736293171 0.55411002163819422783 0.54467848060108714492 0.53249909248267635054 0.53680393092317446602 0.55173886419237849754 0.57325561539949443368 0.59972105271632958345 0.61231697549865071739 0.62147988933577447135 0.61735869285430655662 0.61089760280738325537 0.61091950353143353869 0.60672275313050316736 0.60776596622642442558 0.60097423407473393731 0.59918565387448541326 0.59249657514838105499 0.5809040581116386992
0.52704229880560815591 0.52453902474176949955 0.52033427885588279249 0.5298332842883759497 0.52927713293600386901 0.54659984675264161602 0.55732721840875631969 0.55899958982976394317 0.5458685215455882922 0.54163217261128204782 0.54707378827236829988 0.54846539857781151373 0.54360089558223800843 0.54447467779148395195 0.55234327895822354915 0.54580610796778061822 0.53706196928099281251 0.51834197362244360807 0.48328074243684210343 0.47499426289948221136 0.45345032394076378868 0.41866395237999404211 0.40736510378773294061 0.44085146686405352057 0.48089994394459834037 0.48506995047862178083 0.51158827463892941889 0.49566684859285031761 0.50772076278896427493 0.52250571328720674114 0.54659432330962531843 0.55417425498600125788 0.54748316539052177543 0.54826172098102177177 0.53597042048970622297 0.52354777605062208234 0.49345183617242932561 0.50759845230734368382 0.52004219476028779034 0.52762270202969663302 0.52819964979228173352 0.53663436209307369129 0.5493407753706018859
0.45513938202767167951 0.46236000503633079006 0.45559796650148903785 0.43835288031344388227 0.45320387568171272008 0.46477964656770215379 0.47947344205340292067 0.49013975778809787398 0.49367973611447313331 0.48369657175083924372 0.4824231674184920049 0.48262190782680863821 0.47661118109894340389 0.46323786790770116184 0.44539231445477500682 0.42905491499027986757 0.44352127368594135293 0.45276392822846767139 0.44045675755236746163 0.421977483515591556 0.40625450539285029583 0.38648841407882977839 0.38731064321926944594 0.38716411546824058831 0.39587365495400739235 0.40184969207808712843 0.39303331827117032882 0.38533424908723939994 0.39409979149603252546 0.4047738040250249969 0.40483258603050470414 0.39592537586191639543 0.38695952221874507782 0.39883418718443497397 0.45707704825037764884 0.49992874385871677312 0.51274846611716651257 0.5253801147655936532 0.53338995380843567951 0.51648622906841090696 0.49266844136685050692 0.46955751204091000783 0.43836589783258178565
0.40764556543530877653 0.41890708888622429917 0.41353392648452469427 0.40288913794250480471 0.41359755162494860059 0.42792002070112689083 0.43329002374871689041 0.42620421891578452733 0.41890602598569653958 0.4159481821968833426 0.39752059877615203431 0.39197253145672744656 0.37517436208632692907 0.36176632124184876504 0.34828480228354408155 0.34760980653789769201 0.35078259464511335475 0.34921881146246630534 0.34575832538770390201 0.33855212159375080994 0.34056070899088203285 0.34370032048431303773 0.34356371786064515694 0.34303624773655094771 0.33565581888377271635 0.33264173330150631491 0.33187478322823688037 0.32683316929187899991 0.32519636054265849134 0.3323584782051155484 0.33353223924125230404 0.33933187798545039193 0.33984996082666579786 0.33413482450899661957 0.32933286479085349674 0.33116692359369315213 0.34111293974557049813 0.3419402391100911931 0.34422527252362339345 0.34109140938588383696 0.34069050195537881054 0.35002840477630303706 0.36242939771087034906
0.40003822225119972655 0.41703163388672997991 0.39884936581526109212 0.39125790709564456371 0.3935726063546989284 0.38898115085800361035 0.37968497672968559709 0.37980536729130320861 0.38273258344635752159 0.39793601979776471733 0.40416455586370808595 0.40681929134517147428 0.40663186503102816127 0.40252739962761491244 0.39429008779134400164 0.39322254901785397285 0.38827280785963419474 0.38989012927010158194 0.3873228982515798946 0.38277235475493126549 0.3853087334135514852 0.37977749630651730373 0.40394903143651905708 0.41493117677277652211 0.42384533052144751641 0.42143286270792429393 0.40842932375538348877 0.39698422146662321053 0.39017084262127649241 0.37840432525464379188 0.36332092489835204896 0.35045298758618104173 0.32345213031870478915 0.33390539874406699461 0.34945231691113737282 0.34047352311293205274 0.33537610382019439337 0.325089032964139657 0.32182382607497733717 0.31628036015917448953 0.32027248040242989324 0.32727666693787549335 0.34158173156255344782
0.35176410159966492452 0.35869266362578300367 0.36765317757170346002 0.37014810997009267579 0.36569119567140745408 0.36537703070590449306 0.35743749725897783209 0.35640503624503966362 0.35796314567699555331 0.35855845785430823236 0.3538485640005801236 0.34077237834045148723 0.33632911293264405872 0.33666435217166978955 0.33416281230305205918 0.32470381666521747066 0.32886329159654054122 0.34246284855294600868 0.36941206257877834407 0.38637290549482627977 0.39541570166279027543 0.38831992307636437056 0.3841083095748402676 0.36899386398178574131 0.35855963724727635267 0.34741016169952460002 0.32806713626994610244 0.30480131618743949717 0.30674574322885017619 0.3032953525309319831 0.29016642921902313645 0.29679878743012094722 0.30798379953949867049 0.31652468085457041713 0.30990609962804405164 0.31468198799353830353 0.3255944509977024004 0.33516871722206170725 0.34019124149504437193 0.34297537169709885196 0.34148486174399672599 0.34376586925405022699 0.34200700128778327436
