benchmarks/avaInclinedPlaneEntresTest/release1IP_d553e2b322_C_L_entres_dfa_pfv.asc
ncols        1001
nrows        401
xllcorner    997.500000000000
yllcorner    -5002.500000000000
cellsize     5.000000000000
NODATA_value nan
[rows 171 to 189 of 401, columns 528 to 571 of 1001]
7.9397495828909514515 7.906753931972692051 7.8568141052935427382 7.9327000247746424222 8.1003055880636818387 8.1586394412825189448 8.129668990490111824 8.1234147439337291985 8.1874007908966852654 8.2356998420897067348 8.2769877270629343968 8.3322909008022421062 8.3462411455896301504 8.3124787432313738123 8.2815206816836681725 8.2546290577347374295 8.206419269737182276 8.084481734003979625 7.8320969671258033884 7.5155852793016544311 8.7430823909096648805 8.7983824820918759002 8.8048919412151764874 8.8083109892480191405 8.8754092444859757904 8.9519595619894722915 9.0206444776295064969 9.027592158879377493 9.027592158879377493 8.9226725327607994132 8.7347825466576782816 8.5114014184829649423 8.3037318970026916531 8.0950636849030477293 7.8709697162479184129 7.590571430052188262 7.3249557840593846336 7.3371384800484387156 8.0086730285878307001 8.0086730285878307001 7.7895653316827182522 7.5527137385944103087 7.5404631460146624988 7.4168541697054379824
8.0778000751390521827 8.0964143964063985948 8.1615813489646029666 8.2521169984707363199 8.2901163046241848065 8.3050083316760421326 8.2883804489655172887 8.2479230170131874189 8.2251266018874904518 8.2664245459344556366 8.2647455964242642068 8.2170640300143418244 8.1980078679020529364 8.230305777213336782 8.2733097145132248329 8.3519151615962989865 8.4350793778406583101 8.5984276871212461657 8.7374420566383363962 8.6341777045440988303 8.5786691979185576429 8.5696540080478094126 8.5945433146293019888 8.6023409345837169582 8.6596978202665741975 8.7317984032290247853 8.795570374796852775 8.8354258365331510561 8.8851267412512662247 8.9801539825070673118 8.9865064884091943043 8.9022382217255771053 8.8017460921632881821 8.695021329731426718 8.5847360599726538766 8.4750322447853285723 8.3780482094736594689 8.2561085982263175964 8.1363888034654490156 8.0083805954716620334 7.7894535185692994617 7.5544922865413433044 7.3699145570680109074 7.3272061187475401312
7.8436705911344057895 7.8667651903856166129 7.9192236735173766604 7.9304235487376004698 7.9424985798494152078 7.9888149127391629989 7.9599072110020623327 7.9865077212753128322 7.9517281050623225269 8.0063674494339096555 8.0786825536255815194 8.1329916347427761991 8.1350194806970392847 8.1646787586352953525 8.2349949552733949787 8.4003304000284995112 8.5130213976857991298 8.5750893889413735138 8.5458108163993244943 8.4972710868361200909 8.4773534971883020006 8.396794483907919826 8.3121696250729364408 8.2762975301679304607 8.2398375517706572424 8.2093604488314007028 8.2356502836000267109 8.3193242056658061045 8.3589951087007641206 8.3474195581584549331 8.4079131936167481598 8.4380649025871008462 8.4465337458637392842 8.4277342601061402405 8.3794378700834872831 8.2953208853567161896 8.2728586267403017018 8.1246630667399681869 7.8963013733525349025 7.6721375293124074446 7.530261559696919349 7.4430183642065976812 7.384145291567568492 7.4792264144533540104
7.642684246055604369 7.6752592062655180527 7.7204666617184916078 7.7775172988127074802 7.8455304202709568173 7.9071863413225296213 7.8653807234613850596 7.8888626970107313952 7.9279690525640456045 7.8994624645133244556 7.8543402104232828975 7.8532890553846455006 7.5946839187386627756 7.5656362004153621115 7.949560937424641871 8.3921460175379785085 8.7345967532459276583 8.7188437454950378225 8.6404600509097484462 8.6695357822176664087 8.6143325119558298297 8.5495582871045918694 8.4588211548208249724 8.3033034434304227034 8.0999228624566992352 7.8452026649815511661 7.7204831454130511403 7.8299891737142512937 7.8119551290806388266 7.868843911497209298 7.9207251381563104076 7.9034090552371232263 7.8653333903182067743 7.8415848346022638538 8.1583504296020006308 8.2854436473145742781 8.2716756152685615433 8.1239484862683646327 7.7251639239785863111 7.6480311269595935286 7.6865068349328957709 7.6908135748570849444 7.6939021628559380872 7.7141752434152639495
8.0300983654172934934 8.0507106631929659102 8.0417258655193784023 8.0181383601211617673 8.4106496610198568931 8.9915595689845471128 9.2836477423002552456 9.2565879707629257211 9.0292196387047241046 8.7332558488117832951 8.650424207456415715 8.6351521926661565232 8.7465486346810781271 8.8846453105389873173 9.013330289291427988 9.1261694760886271638 9.1768413368542418596 9.1088276033293222866 9.0940835011952234623 8.8860190055950027954 8.717624604345008521 8.6375113165498635937 8.5886759649469741618 8.5659371415216458701 8.5305107505996975448 8.4824674069391861053 8.3848032147814244297 8.3171700566829436241 8.3004023538814113437 8.3747527335643336954 8.3934974830683604097 8.3664890249674321865 8.3484984878603771818 8.3428546388466102712 8.3306830935034099639 8.3184115924439172574 8.2952266004302313007 8.2520773245968044307 8.1772623876965777612 8.158567285478648401 8.125251629068142023 8.0826257032327895047 8.0783886333992569462 8.0760574375744305087
9.6298918737411387525 9.5792754545040921244 9.5390911673514189317 9.5255088105598950676 9.5153781131433454732 9.5476716141367390378 9.562330765121393128 9.5184704813447780225 9.4430487136500449452 9.3407452113641138425 9.2378403560489292801 9.0727729082319665821 8.9405007197950183695 8.9777655692842870394 9.0704372967474391487 9.1597596235507303675 9.2027842473469601003 9.1808957977387031235 9.1565121737841064231 8.9539741085236599361 8.8143258726639199807 8.7570366870397471359 8.7809219378950729151 8.7734697926263276457 8.8184433286900816285 8.7172773864248291886 8.5001142713872663847 8.3997794902374742776 8.3328150284781159485 8.3135053629474011672 8.2452783020415783 8.1722435119416036997 8.2360285176353329462 8.2717639326008232104 8.2999701977723656654 8.2865789180828350879 8.3015241483416790658 8.2812966593876691235 8.2551191567236905655 8.2098150842325026133 8.2231008284435684885 8.2388357414274331347 8.2554678175845577215 8.2212107801681284514
9.6983894914324313419 9.6797106961169774308 9.6789754091529953683 9.6986823276965843377 9.6965800864981517293 9.6559378169898906208 9.6348340355181285588 9.6036973128107572251 9.5662779286819770164 9.4967025067171935149 9.464204305596558342 9.3325221533219249181 9.0247997991284165664 8.9239468120622404967 8.9046697506516618859 8.8781044412123062415 8.8845316730287127172 8.8332651698744513169 8.7329252929397949146 8.529533922300405635 8.3750330335672398263 8.3976682031915945714 9.109245405735689971 8.8280783956569059967 8.1586647162414998036 8.9073273833100987673 9.2834992365562793992 9.5617238282622274426 9.2196733529622179049 8.2096440521170244153 8.2658120392533902532 8.3006980091346029837 8.3195232070184097495 8.3403530466385316089 8.4048552365948570042 8.4238631379621118356 8.6459503926445631095 8.7541378687161728323 8.659013989734763328 8.6238529254818931946 8.763138347139159734 8.8805820531151944408 9.0478043340987266419 9.0953813264411458306
9.5055049344594628735 9.4863050561004431671 9.4870352307957563909 9.3386479735413683301 9.3510594240808071476 9.20947489275105724 9.2562409428814529377 9.243928614484506312 9.1654360048251355408 9.0914178856582577026 9.1397926056127349881 9.1206492534013783313 9.1020817455279718899 9.0765914705104311366 9.0562819966929062332 9.0691234773029947291 9.1148630286425049718 9.1716044162583560961 9.3796002577286419211 9.5472226928575132376 9.6942020725957576133 9.7308200043825525682 9.7909289415615816665 9.6872830598115449163 9.6215028496683316916 9.5761794509329583036 9.5573396401037591374 9.4712887478487814974 9.2654835565419624288 9.0152152289872358182 8.8270935539407293646 8.8152272894693197713 8.8339577957888071325 8.8935658095162537506 8.9604027218033657221 9.0449522587730761813 9.0992017423393480868 9.1726536076357128024 9.1966548458318442272 9.2808204388363400028 9.366523987061087908 9.4409066726868733355 9.4918515633908686624 9.4702458919684939787
10.497090841817684037 10.139017137383248723 9.7752872581684417952 9.60653431836989391 9.5769456827635828233 9.6466276375806341292 9.7052545773541485374 9.7135111903594140159 9.7618243243314459789 9.7524621335071959294 9.7332058850582914289 9.7141010236596940786 9.7113445267912084091 9.6782289383193038645 9.675592876208931159 9.7183789589867419778 9.7461103394355639296 9.8284518885862066639 9.9049094596407929458 9.9503072839169135477 9.8883181587721740158 9.7882708078615046077 9.7636732668414296654 9.701849703446868034 9.5579155144186298543 9.5015747471861669027 9.4872082925626326499 9.4527704205368525692 9.4028040767786187359 9.3461750492942741175 9.2999203034387818434 9.2968360194721668677 9.3094614139002054287 9.3116567609867608724 9.2885149779901947653 9.2821668379021957662 9.2985422228916618792 9.358312334405731292 9.3667451982187230897 9.3972929009937669065 9.4266256483107504494 9.4875047457973504805 9.5486752965199386267 9.5742457991458795874
11.250649058514580858 11.316394765453676285 11.306137429506883052 11.225668409038565443 11.061261447342012332 10.755178366170607518 10.537679152332000143 10.433362265068801378 10.260207871032800853 9.9801808344366751413 9.8613489713082103094 9.7367188074022408273 9.7294293854194258131 9.7244904471148672087 9.7219854028417334035 9.7064956178088248606 9.7246612273088359757 9.7048974375855738828 9.6485752781973879166 9.6642336480795538733 9.6459230486675249239 9.5946007315104306912 9.5867975478056663974 9.6229527192435710958 9.7184478206480147122 9.5339965720674726413 9.2615351118669888564 9.2677952349101335727 9.2490176482230506139 9.2613833767810085362 9.2346552068255416401 9.2110257597217604086 9.1713536815627918486 9.1380895012844565173 9.144120028064534722 9.1669803696058416165 9.2940481134718737621 9.5681038191853158281 9.5003635850948562336 9.4824817854633032255 9.5306973121486961986 9.5640705553984695086 9.5573853917635620547 9.6746726576444306289
11.066720004387924803 11.056661663514754324 11.022841307448997483 11.032801662103924656 10.705240511641216372 10.544908790680750599 10.528332637429565821 10.490357160411383219 10.458470529924145609 10.541553708811497003 10.579690910837578954 10.677596852538567163 10.786832824025452737 10.948410670305140258 10.905232977239291969 10.746980839286445431 10.560072838846487286 10.495952150744242815 10.539788572803741928 10.658431899311706204 10.715775600135660994 10.709801851664112249 10.640788078925014659 10.638134505875825653 10.733109899373355134 10.756864170534894853 10.776111322403780335 10.795185335995306275 10.740823569190986575 10.638873235587952948 10.473307414955508321 10.357796906030989348 10.29789021001595728 10.247079393518394141 10.241101741668066083 10.229495282835900483 10.260916337036904977 10.451121021202228079 10.697542786478557275 10.877794431778086803 10.9967254825544547 11.112453246347097746 11.183137405367439499 11.267068898722058634
10.804084543612002989 10.6560119907202413 10.581645249633815808 10.506095309382123659 10.529167265782975349 10.590310318955895141 10.650627700548328747 10.667722102682104079 10.697651759676510608 10.739404184587213464 10.772539807236654497 10.904500930648051593 11.055773316674482487 11.103420126846243576 11.08698941016744044 11.024375327157512672 10.994217125663782397 11.034446020942299427 11.140293462675476377 11.208686715552056867 11.214764848911640271 11.205352305474876928 11.201901650638861341 11.2466575331142149 11.321466988192483427 11.378915091368892121 11.405884549210044909 11.419604573062146713 11.375852303348878536 11.282393087919071917 11.179513141586511438 11.134701299936095253 11.119519720565698151 11.111841968332710096 11.125595849728892262 11.131926011775679086 11.164313869870071017 11.209216514821575217 11.266956086951704918 11.352385451784757109 11.422745924666726225 11.482632341324276126 11.571285851540073608 11.655881482510157099
10.758434808895211532 10.624208725123857278 10.533075339378337176 10.475128549647962473 10.498826506084869337 10.546967883034509939 10.621731968530770729 10.702121707721635957 10.798082228658781645 10.778221302303489182 10.847663613496349555 10.941000566997736598 11.058395960664604729 11.105834043372654563 11.140789707271713027 11.143403168562024064 11.153235625779760909 11.1785083409309145 11.263302670219523804 11.338844173398680226 11.346402609990800414 11.334602618857251954 11.269550262727424439 11.255556209494137931 11.249877044590281372 11.249838431014499207 11.264682124042224132 11.234813604687966304 11.171412210282632316 11.132513379318506708 11.119651881964514928 11.127972898560825499 11.138192663350722 11.160866343304254755 11.16407750054695569 11.213756504554956095 11.259689348774005069 11.283352299867313917 11.314142461221804226 11.375693240345029267 11.446989835137786784 11.503170251205823149 11.544153801039431784 11.634579380198321275
11.394683154350147447 10.878798146263630287 10.460716400003292392 10.425895602358611569 10.601835003123143863 10.86627224106350198 10.840542733469536785 10.66664436990940068 10.587065574050470218 10.523474257051164571 10.469294562637088575 10.521965357786026374 10.640801052235302038 10.776002229831998847 10.865093669888443273 10.944057168033220151 10.940399163218316403 10.928929814523783648 10.931456918998296857 10.928956969404142185 10.91958751069618927 10.933849022149436436 10.899254843955311856 10.84873031350922723 10.825091628294087442 10.818981636524636514 10.820985573828586723 10.837621423121049702 10.849930571163955761 10.83768190171617718 10.796515780841263066 10.694153457654017814 10.728965514037227535 10.799662961945378115 10.923185806796777086 11.008040221296530703 11.044484392938210604 11.024659235850011285 10.982791713564427738 11.0051844518520614 11.066651873918718962 11.13790691871194305 11.208425363824838783 11.252945516006953142
12.058076950816930761 12.077000361625682245 11.981041726400976088 11.965373966588078503 12.000026894262656896 12.061168047967170125 11.945633117891221175 11.851857922754717833 12.898344860832832381 13.384663989774356452 13.299057573158817647 12.647579862478609769 12.266567412912628754 12.627028883096588885 14.49398331702945697 14.275733777898039989 13.645136689720379408 12.766352577874100049 11.758006016849133601 10.574340835118853477 10.555120093146145521 10.543686546825897565 10.513384697188357109 10.547475054623323132 10.519609480758171927 10.902996257621062171 10.790004005597236159 13.127976414302679586 12.727786724688568754 12.130185685229669446 11.364163498317214618 10.657244414680306477 10.68168979147821851 10.799706700650956392 10.918843174465610701 10.973895527404504691 11.03390105889410755 11.004089617361232811 10.9858394863226696 11.022921412322236989 11.064337261111932165 11.125411221913262594 11.193557661046016349 11.253238427965989388
13.91176896510626726 13.960406953934688445 13.898677203346217368 13.884631901321586867 13.89558293239663378 13.896740127076721905 14.16637120828168328 14.256498991384159325 14.435576524620705285 14.538925293281982576 14.656765121412700381 15.232824368050083663 15.553228479187282574 15.641060439156117212 15.772660932161889136 15.669611140431337404 15.328457746088458791 14.339200578697440136 13.630935508679222323 13.098986620460550512 12.798935076690165502 12.637207103805991437 12.534389005288163688 12.683733810610458903 13.570324820179722636 14.342736089234978891 14.612978409416532699 14.693975293638162682 14.585522762200159974 14.330954624145771703 13.849939634110063125 13.232468400944371822 14.6665149010835556 14.114440068027473529 13.303116277546335411 12.250336320022890746 11.149204684864306714 10.835825967453871499 10.999270629858450832 10.64443378856694622 10.521173530852768963 10.629760796572327308 10.708172076423513985 10.810884337565967783
15.504103996422292866 15.533652517394850534 15.614201784675355356 15.741555089802844236 15.744182927998419785 15.696894143481237904 15.553287091952842758 15.517498882561049811 15.629020668507974889 15.825003372287463677 15.999776699436592864 16.222184544144301555 16.372474025391074548 16.514845470201983346 16.462977529133670629 16.401738511453981317 16.252043814217184803 15.908847765304487964 15.681182851837174752 15.585710244541587599 15.446598585704501616 15.041303672210608156 14.763123239973875656 14.811568921418025724 15.036444328083142352 15.34470837773641172 16.828552009022644143 16.956020407874188294 16.960117519954049925 16.827752643922604392 16.629469131927642422 16.303843490506682912 15.862788877345789018 15.403423255604931086 14.850031647477102581 16.46036224595725983 16.303406146151104394 15.848474457373033175 15.293299165916053539 14.630221933265785239 13.776876989228993509 12.88825003185796092 13.558098868829945971 12.683377211681893471
16.395070741737161057 16.405138634487780536 16.496963555396366274 16.596063817890208014 16.663977095161811803 16.632855092977319345 16.628479200922896553 16.518394000815106892 16.491795053933184789 16.55795709996522902 16.739425386010228891 16.966078622333316872 17.113800257929881354 17.178240788274838025 17.089241642052957815 17.076541608161072361 17.064632093199175955 17.030007317131872213 17.033309855701883606 16.9381867627122773 16.689619965372401111 16.431152652961088734 16.32771636702274165 16.457141644982730355 16.647575030126660067 16.87097521722424176 17.112963963376827792 17.353215816336671651 17.543555868813996312 17.637585621188758722 17.681477532074406867 17.633406029453770003 17.540632473258405355 17.424203440981596458 17.175579216669756732 16.937996804769699821 16.643599469761394261 17.247711914810153644 16.906487648623446773 16.412199471084960578 15.853265602945267432 15.262566833570961222 14.65639040701712581 14.022845385869695534
16.893174183649257714 16.881055850069660806 16.913037720271994147 17.011949160166626172 17.094793063291657376 17.134583858434915271 17.055473973089917195 17.008214970633865448 16.985165483106083428 17.041972676829903577 17.160535419363124987 17.363014439091646324 17.556039692604027636 17.608062192019900749 17.510447490045805807 17.503974605168945544 17.541855216400662698 17.625404016904944626 17.661796564669142384 17.593049616772294286 17.377935109050994811 17.170449524792569918 17.044102737068048015 17.061338899551635961 17.165888211812887931 17.313074368627539457 17.471683965702837327 17.635342346080591369 17.767425586754825417 17.861730127284538128 17.951914855372557156 17.98646395543650911 18.00229536001641506 18.068854569955714595 17.96181099631504452 17.827901961883878101 17.689873552867741324 17.430080900374655073 17.191210203935408884 16.829672201962992517 16.43698316009831828 15.994851542923647969 15.501206357803942737 14.962134074802500905
