benchmarks/avaInclinedPlaneEntresTest/release1IP_d553e2b322_C_L_entres_dfa_ppr.asc
ncols        1001
nrows        401
xllcorner    997.500000000000
yllcorner    -5002.500000000000
cellsize     5.000000000000
NODATA_value nan
[rows 171 to 189 of 401, columns 616 to 659 of 1001]
10.311604412643482931 10.079996011286057822 10.633476578989160544 10.218468611939927726 9.8801397904810723816 9.6277205561291321345 9.5326225710268115421 9.1651951701176326281 8.8553326607589450958 9.2287315242428817896 9.484456553349273733 10.807182267305822876 11.051163482151887152 11.051163482151887152 10.830726012778534084 10.310955445052014667 10.954654697104661665 11.492743790681293703 11.331332402650660995 11.143432233233108164 11.310486402755024926 11.33356570935385399 11.781416517390880472 12.110037730680048185 12.215609459052137353 11.497153774063569642 12.886710948044418856 12.611436620382933782 12.346141567879239886 12.350942697586397401 12.477958085972261415 12.373604556160838541 11.2862558869841898 12.232255624243633108 12.802138992289879837 13.354601857278725063 13.51007174248440279 13.490499617981670966 13.289200412384040817 13.126404672128368034 12.997947014482376105 13.278489224420846782 13.345415022045578723 10.936476014097976872
10.944733057220357608 10.496980729149827383 10.181935535685347816 9.9281493861822038838 9.7568315899815356573 12.833260805651610426 12.713397047703876908 12.848575667058964811 12.971332150968747143 12.819751516456511453 12.39656153925860238 11.857372273713851385 11.366365265167807763 11.073390756098104859 10.837959359514648838 11.179019725803135188 11.324172956550341951 11.404262398643991716 11.312403837032119824 11.164076726993629407 11.336920846044133526 11.462679714024464062 11.536894085551461231 11.67789382995927383 12.226941636966941473 12.481757523439537039 12.664697919599364084 12.479597839291315609 12.477130702581336053 12.516319090496965671 12.477958085972261415 12.315225795712906987 12.428488539591667106 12.719662946357313871 12.939306156223350897 13.069347706982178181 13.062248273548766164 12.942582975974833204 12.804665565038174435 12.618605472172559345 12.534063021447693131 12.507859553210760595 12.168855339628183998 11.021329786146376151
13.12004054809750464 13.319645157867473273 13.570037456741436799 13.712090616377142993 13.750834710313847964 12.740291856306416918 12.294290394769010533 12.319798952161974626 12.66098665534030232 12.96461001260025192 12.853616447221547503 12.10977940053379065 11.346278928561021715 11.051703483330729938 10.917269850040383972 11.046093100070335069 11.324172956550341951 11.403217017312321957 11.44387081024826891 12.967394812732376153 12.638543353376137546 12.263394471303389111 11.891125965355175964 11.857217112623470001 12.226941636966941473 12.481757523439537039 13.029937707771837907 13.317379143889477078 13.317379143889477078 13.214352230316242398 12.850755395072075871 12.653647229379359374 12.518838395766666238 12.921661928419863941 13.29645703792646394 12.650328275888657714 12.370456217246774244 12.484921498402302475 11.81834612535148743 11.516709894463449615 11.483093158646164866 11.327741048230096865 11.037271358911761254 10.524845926900949777
13.647778157834556723 13.248571101207225809 13.570037456741436799 13.712090616377142993 13.750834710313847964 13.231953533537074819 12.771917467290625936 12.411277750102128081 12.819194502643536993 13.474468821451619505 13.621769194493941413 12.674378614163881451 11.450163912155023382 11.219387374868473373 11.32479944242105141 11.470210594052041131 11.795224870686142893 12.10499608909237601 12.390844346846433766 12.487014150675435076 12.602087631814161028 12.53342249043397949 12.358202013624474347 12.344696411430978955 12.420513316067760101 12.47853512703039236 12.653082434581824245 12.921313017099739895 13.146541454900992463 13.2888993069611967 13.584115862043182332 13.698292700896242735 13.531514114380659208 13.395800046393768312 12.969420943743688923 12.336982898980272338 11.938498825189315156 11.936225062952882325 11.940539313646642228 11.76174141861428879 11.419527316280872142 10.893954110088985843 10.581369294415337023 12.552555085232221188
12.34262237160186082 12.295133030605585489 12.254107006890745168 12.092232775951515578 11.831462996985328218 11.77615661926370727 11.630704584265759038 11.380230888875699335 11.131078432127742062 11.0692598807785334 10.997566676798799179 10.950103709586295864 10.962065501793079036 11.197515956770070389 11.389490900394198647 11.554874790174054056 11.51302373489457942 11.463797358538190707 11.642424358592512235 11.162247465076422515 11.114376390142625795 11.087448810548083955 11.293449072753116269 11.328799856476731378 11.535763983958243983 11.721338814074416135 12.001834864511147671 12.35901628378525352 12.729962577173191463 13.185299200143434817 13.315252056395225466 13.398235774058038672 13.144646509396098466 12.718571093145900619 12.121060871815164006 11.666373244638712947 11.377309618500381916 11.653536945031726546 11.657296000891035348 11.543333001610303512 11.909362193158273158 12.173194523759514496 12.24497586492889134 12.552555085232221188
12.867504766944541927 12.907614438774102084 12.855666754460456147 12.8112274342222765 12.151987648429697586 11.736406680302378547 11.749973890192014991 11.878469506253814814 12.147844338709052892 12.39161850092543915 12.620366224511160524 12.820721066457492654 12.80205772811910947 12.494590300534264671 12.061218146268799956 11.586820809154405154 11.030826955174799053 11.476851166456222941 11.098410607537743999 10.726610141614008498 11.091864290023812245 11.348634722831523192 12.15062512753526569 12.573675982627561254 12.6175944642683735 12.476422356249125656 11.896679524878837952 11.598193612954336373 12.097477999341926136 12.1689472820227369 12.244033417595280966 12.012730710776919452 11.411337472675036508 11.838895525668759134 12.196381589335063111 12.518395638664809866 12.544322645406770889 12.859954768882150944 13.030036883291719718 12.90657475989719849 12.868511671897394422 12.717674857244666953 12.656832699682043497 12.50456823440109666
15.095151470350899103 14.649099351401710933 14.085472940117993446 13.536623448594268027 13.05159808532434873 12.55284788358384418 12.262454814317907292 14.475073624175671227 15.298872467295892008 15.298872467295892008 15.134012284917478297 14.525499719817958066 13.754292790341779096 13.905991338887076836 13.911866137517627351 13.729724564026726696 12.750678642437451416 12.706089311381500551 12.622174017570124249 12.786195492228300097 12.86970713504815933 13.017216242294500361 13.140518115513629027 13.111836742884799278 12.975097113329654874 12.737062545619911802 12.502334527109752571 12.016051813647488089 11.792772553287701243 11.857904855619761264 11.830001259742537911 11.957127654704017061 12.356926131865078489 12.737954805223660415 12.724137268361511488 12.749465995469462243 12.476930938056181475 13.565174787389732813 13.455086597399972703 11.768030374432331797 11.551875123857653804 12.090648480167306644 12.457663792776468625 12.457663792776466849
15.216014769529765616 15.190054839675932286 15.071994173984039733 15.06300846767710766 14.916762533607485608 15.136930586023098044 15.517698261431032591 15.509515487506243758 15.691106544500799558 15.550057658474692346 14.973852492852428142 14.918220487100786187 15.066786832368704196 15.485048166256760283 15.974682207086804198 15.882737727516621717 15.194734199845456146 14.326725787237275966 13.981998352155718734 13.981998352155718734 13.501315766773855032 13.040777160944255542 12.809936438234332812 12.349516190609046262 13.037186047734262928 13.405140403196597276 13.430238553461297357 13.662804502446036281 13.616942325604615149 14.536347914817241644 15.91920367433734107 16.70735532223918085 17.124956570219719509 17.605580077916535231 17.959130535489840952 18.28486224314888986 18.457670533323554451 18.532097756165061497 18.397753278141212974 17.816646039122808531 17.4259597373422217 16.979086158051309496 16.530991675099588889 15.832543587588270739
28.400195968869290652 26.95929229461717469 24.785602636930565978 24.510315122815065081 23.798751443037279074 22.672197462954581937 21.079387647392231031 19.150719856396701601 16.802554788707354305 23.436136225392299792 23.172004483427201649 21.818787022527917685 20.480224175215631988 18.872064827322919456 17.194652080408346251 16.616748427775444696 15.894918097509336263 18.527186904237169074 18.527186904237169074 17.044606150414910672 15.022696609329173612 15.114329267779234911 15.507172752299478447 15.767789794313205931 15.827202964452238731 15.680699975244172251 15.414604022194495769 15.704829023892378004 15.915867972050570245 16.150147295809141212 16.294656011633335879 16.681874299443023801 16.869564919666345304 17.101249195271410741 17.381416264438808383 17.641120298401062882 17.973748705991010155 18.304508578096772453 18.565375854978501735 18.476048498578716561 18.283335646461207347 17.949062568731875444 17.929636251076612297 17.698938957011126405
31.232234715711239659 28.368206559332286076 25.354070317595077455 23.947129545121921268 23.434912413056991909 23.287650573124526687 23.267385410585966099 23.397754267388826577 23.661957304757905263 23.503636021383897514 23.265054625804864941 23.377559015672296994 23.637776968045770332 23.385457125394367495 22.809565958851823808 26.054394979163458146 25.73823202892794626 25.353449140495335712 25.007995140659538436 24.183446781111733515 22.785745798271712204 20.883583382639624659 17.645317575030038171 17.900551496122105277 25.525646678565223624 27.238877259160183542 26.299388176101199832 24.212917669970352108 22.002172217646354113 19.520048168273000044 19.237309295875142823 18.947962920458500946 18.568861583830464923 18.496212440840277935 18.444934659039983416 18.437944472786071515 18.514747379578725628 18.590357175030760573 18.557715179676709027 18.459471531024966851 18.323060377716366531 18.152128172604601986 18.096082095897024544 18.053882567686304839
30.982705879319038189 30.61630914545195381 28.549471278874666069 27.446991742213800336 26.823584119943880921 26.430007799313326444 26.27894216181694631 26.21460769603276475 26.274643685819501826 26.35738447612418156 26.542447079556588108 26.313831224829517197 25.928784157604592764 25.576359802832222101 25.020525859799004564 24.794556972400688011 25.289386127597243359 25.893400351529198389 26.251545382089641834 26.278254618066586801 26.106770335747849998 25.885503105784628985 26.052472025721272075 26.212736921506440524 26.27372540855380123 26.229674294755650266 25.314533954078559219 23.722040473195814769 21.98087907677938091 20.246956037877623658 20.068614922543734025 19.125810636486193062 18.77315834078240897 18.857431220696447838 20.794778333014878768 21.287724560869289547 21.228997381537304534 20.761840734817045728 20.008670769597539874 18.915551858688861131 20.474873233601556421 19.864253226434467337 18.144555177557592174 17.581037226433515741
29.399603274287091637 28.6554937155196221 29.345796792680573617 29.727065974546462712 29.833972040246656832 29.215901309038489586 28.072974955643928752 26.549680881491180884 26.314186436464893859 26.171390435393501406 26.0293788546108118 25.741586218244513873 25.422283916164282402 25.237306675097105568 24.973124971571444064 25.027012760135139757 25.424046302127315755 26.031889949417038821 26.144005721398503539 25.919958139522034202 25.436119632500894028 24.511936671135966748 23.714554423856135656 23.218881696456136865 22.746184035512062138 22.35767111496944537 21.640242376281765502 21.112346223486607499 20.687040718021055596 20.29371221435231476 20.251161743574197516 20.091973233709182978 19.863990833424736593 19.943552922944839167 20.44925961788166191 20.749974760574080079 20.79505792841352374 20.735547691395549208 20.526981696793509258 20.440328429848239722 20.245256893408807741 19.607590850923518389 19.051061544736729303 18.225734942059162336
28.775697382273310865 29.408572422353266518 29.565130061900443792 29.368489908404118438 28.778162939551009458 28.294919938598344089 27.434414627527157649 25.084543713232317685 23.866531363107625907 23.453773832871544158 23.536382319150980891 24.009161323312866898 23.940738197377697816 24.081773859162396434 24.185011207029486258 24.419674733215106954 24.068619416035783587 23.45772009453004614 25.282631269066843771 24.045677614519696874 23.405112873606647383 22.864652598601185929 22.331437597956892205 21.345651863850935825 20.361502271412479814 19.400226938369545593 19.269502610736015669 19.504940077396739184 19.603994375883370793 19.494021191178276808 19.486255163980224836 19.232332874227246577 18.946027706735677043 18.728284763917184108 18.544187827282254233 18.319226973872165587 18.18926789889348683 18.333824436431712002 18.442715471298935626 18.492434226388940743 18.720154903377540734 19.172942121126233417 19.21603248791794627 19.042682691944587958
29.748980469551831618 30.179318289547335752 30.478802563093804423 30.412697048786011322 29.785482241286221239 29.085974928684930063 28.253222861785811659 27.39205078640622304 26.526761337892793335 26.061509672888576006 25.91845413153128419 25.45234156711486051 24.650285683498271538 24.318451028151198301 24.149556487799941351 23.897126891077366651 23.783905694998473734 24.152556589445985935 24.51945155338211535 23.984939278270299923 23.684719059538636543 23.532123987762229689 23.250973230952347137 22.730960589109312053 22.986373972916386066 23.28773007686158536 22.964663021342882843 22.459843452714107315 21.59506981567303896 20.448976009701187451 19.526727644332410705 19.731929368716293993 19.952380087777100925 20.062545117333094424 20.273039136408211647 20.485115554808913885 20.546241284180467801 20.568505968568800313 20.63599891935197661 20.796777471539268589 21.001155224929288323 21.35231670217403277 21.664892803215050066 21.943553915711792257
28.157265477394172848 28.397441466509903307 28.300296704867459852 28.179026217715762215 27.840432355326367286 27.613693755076642589 27.468505305066617694 27.05778321217019311 26.808513064846504648 26.985450821233147423 27.132310963630548173 26.703564024401618582 26.199062877914581549 25.610750764551656999 25.163647072260555859 24.833526637120257874 24.679066192982180183 24.313249998880845482 23.971923900551811215 23.857711021589459222 23.940617649720145721 24.004565080184409709 24.026928018891560157 24.189813291229512515 24.171445436727040601 25.215969959147781054 26.747367033571325834 27.47586364761894373 27.557911399653942652 27.110713856359904383 26.250816311862035235 25.158067942107667392 23.700052079552840212 22.229197987682876914 21.329974934024289013 21.56395476411849188 21.679736528914482108 21.97240198974056824 22.206465747293101742 22.438832068673075781 22.498950348513435671 22.584054729931946071 22.596093805820917311 22.595427878487654993
25.088697013378038037 25.149295686148072093 25.132780320902615045 25.22933587096494179 25.170844949768060417 25.221586669528370805 25.592834240876619845 25.89576402917587572 26.172373958872629629 26.386522015053422763 26.606185217627594142 26.469801362346910167 26.320060652290248271 25.936667996589736873 25.530801026773318085 25.285472435974892136 25.125553882876520362 25.035312670619404685 24.874552274470950408 24.665281095860084548 24.618421423927614455 24.902653320053207864 25.218069800076410303 25.56345499632578111 25.992438472170636743 26.631450116186218935 27.162040866353056145 28.077208954624531145 29.37605132720684864 29.835422168789726527 29.778794011155710564 29.254972505471517508 28.368101415534670906 27.181361180193963634 25.801956295385604534 24.491669601892397168 22.980699521272871522 21.665744275274033015 21.256572675576681064 21.467088418744005196 21.71884703177099496 21.995481989730965466 22.252320969937805728 22.4468084465851625
20.902425977355925113 21.211984324641239397 21.469265759925480808 21.871239907586659257 22.15703141950097077 22.54431548929677831 23.295634254702562771 23.710233060748254985 24.388641305168256679 24.980998010191107994 25.050644160372065983 25.054718988768712506 25.049174241545834718 24.851238824092426682 24.763613977710242864 24.608507729823156041 24.812504494185823489 24.892211572629271643 24.816936014059468363 24.834214620146163099 24.722662984318336754 24.924896870211984634 25.276155009664176276 25.770227137056888722 26.381142886693321969 27.145909956087063364 27.849443524077148737 28.482055488169468305 28.820589382295366931 28.976744266449895093 29.151481890775048811 28.969752354916959547 28.207567976720120839 27.002413645617366456 25.749555263576556996 24.435166661426762857 22.969921659512205991 21.665975005591757707 20.319372941540933653 19.650239635157525697 19.946385486075026705 20.26318581633145044 20.467117486083967748 20.737318371229527258
16.343716833590640647 16.66154025021217322 17.107001950180833916 17.752359366636220273 18.370099933844819873 18.950593364722756462 19.285108657242435726 19.449796445845834114 19.720969141429566918 20.185403298274035677 20.459686506450115218 20.666716239943216493 21.018438207016099994 21.367291281797037072 21.571191657512901685 22.015171651964497102 22.302688625569494718 22.725764323910318865 22.716959485967503696 22.830742143325309712 22.849866603800496279 22.938379927197960484 23.195460541428918333 23.645265314204486629 24.07618454020347798 24.676536315621540041 25.012177866304075025 25.380105183250787348 25.880646415443244734 26.19440091987012309 26.57269005944151985 26.607772507815933949 26.214615169492262226 25.596915734536015208 24.806263727878402392 23.940941737766586073 22.960207632329936445 21.96654869308717295 20.954982447773772947 20.014255190849780774 19.149751165257367091 18.568877568261633826 18.066742367842962835 18.072330395532947733
18.677225135809734979 19.003398381092857505 19.117274551762186263 19.145807727200146786 19.345292448832811516 19.591476849916126923 19.68589691562129218 19.695335360033425331 19.496847891577239409 18.817316945505737635 17.468690528466520817 16.724560451636641289 16.551666000957780511 16.962653944614633161 16.917287373225889269 17.341550498513885969 17.700175805343690172 17.993885228838045975 17.91377252622795524 18.19680199270952059 18.591484846897255778 18.907542620301803993 19.15333387270398191 19.455518450678589204 20.325399305762953617 20.931326523846337295 21.452901266772336442 21.663242378696654811 21.762930950067175928 21.784687123762729755 21.266696511534142644 20.775049495432373448 20.729923029011370517 20.764941413457680852 20.552235183085830528 20.069757236787083343 19.559373180946433735 19.049327912460537249 18.757131057591500678 18.622791669611256538 18.413821455290182882 18.389941260030649772 18.530338861648115056 18.443668744374555502
