benchmarks/avaInclinedPlaneEntresTest/release1IP_d553e2b322_C_L_entres_dfa_pft.asc
ncols        1001
nrows        401
xllcorner    997.500000000000
yllcorner    -5002.500000000000
cellsize     5.000000000000
NODATA_value nan
[rows 190 to 208 of 401, columns 731 to 773 of 1001]
0.51688476671219696357 0.50305384433873823191 0.49332012304787214996 0.48736252252922440675 0.46885436049407980263 0.453255025387646171 0.45629309658090488888 0.4540463954678379821 0.4530946829465336001 0.45250235458922649645 0.46168757995281889395 0.48335472134283585799 0.49684719575979818806 0.49270131785467319308 0.50539269470156000796 0.52099647066094612047 0.52861664458628199181 0.53110708813764129221 0.54047500927088609757 0.53789044112302697442 0.55432068365957598566 0.57446683856466662643 0.57366543055661878281 0.56462643595920158912 0.56240644149094232151 0.56066226400486274262 0.54539154648511067869 0.54543454650705724962 0.53875405457273140009 0.55149089567125442191 0.54114153137139930916 0.5361639140002364412 0.54113630533410850276 0.53357066156319044037 0.52794161271887551923 0.50934314199530272838 0.47604017398524278715 0.46397266146748211701 0.46649000794505945944 0.44444846481943045546 0.46857669956425596069 0.49685702605248405206 0.50749311994837520423
0.39529293123065795124 0.39001954467741534183 0.38719686577164408314 0.39784269056992016544 0.41552451654933159064 0.42549400791973573943 0.43088720577800315725 0.42970569444865441833 0.42150005390282607731 0.41214813552128237717 0.41165676590116512257 0.42229870635404243018 0.44541885730814251287 0.44526499142749220717 0.45079286012308833476 0.46360835186251397877 0.45541688059761870067 0.44492947344375888274 0.43383976987545658233 0.43206750097795526555 0.4439176428810220898 0.44850192303607144817 0.45630862517324238814 0.45198889140045744872 0.45465437326288649089 0.45428901938562832319 0.45033473446867428036 0.44744176717097855489 0.4378072769749460913 0.43013648094337542105 0.4314867252547959775 0.44304963396806656961 0.45264554711260224229 0.45101848832781632481 0.45478436258996535191 0.4511168043494572788 0.44243464652877312338 0.4301312348467376534 0.42349501907245196142 0.40460292990506968591 0.42555535285500090126 0.44428477738554650323 0.45257648666429217688
0.48351995803622915826 0.49345245071574589391 0.49999621529709137313 0.50216559873680288728 0.49896327780918003914 0.48841339523845761494 0.47052690239277139561 0.44499090130196383708 0.42486504166298155738 0.41962965766327958717 0.41814906950696678622 0.41536195164581629635 0.40703563205769016653 0.39691435878693837047 0.37714280274670203275 0.37819984965066200111 0.36721450746455680525 0.37894262323362232214 0.39361596488058120391 0.39791628817309243615 0.40557639200017547854 0.40843232515893945767 0.40395844417508230961 0.39552781587535917884 0.37475870994912802159 0.39022335680716607742 0.42472369838029705447 0.44483475969723745846 0.45150565569978901026 0.44294114885365504231 0.4326374633036996209 0.42285965140271541962 0.4091522119721389128 0.39075380991419822463 0.39742337565150293033 0.40526571397865573942 0.41489440684207762322 0.43724671873492071406 0.44801398860567476223 0.44208102680610034119 0.42697753914063335534 0.42364301910389973171 0.41149092614132709578
0.38868753134024769391 0.3879561307697380057 0.40087234318997100324 0.40551241187504533103 0.40919317924758719096 0.43872561400147891408 0.44975135589472081676 0.4622519352764354883 0.4730399512762659131 0.48063169373525255201 0.49241317882327811928 0.48377423148534415276 0.49786872327863324061 0.50962587120428570753 0.50564720772629312417 0.49713374933566262248 0.49139041708663688812 0.49117374149222048363 0.47842797251073532205 0.47286986372376621501 0.48050903112001308592 0.48642926569509781221 0.48416201173902362331 0.46706834297023974711 0.45509418276022478578 0.44036516051478497014 0.43200554445726857544 0.43457623527226413307 0.44574333764946083569 0.45154818738169361092 0.45305083059103362642 0.43773839748241261116 0.43541524627768846134 0.42704664889366622527 0.42203718716384031051 0.41344904060442649874 0.41092284767691605873 0.41225511992069052702 0.41294116439447375866 0.41740801023434481731 0.40397157067754890791 0.40337746159147042091 0.39995183797997574393
0.45956114413586712786 0.48349305833189470949 0.48385376329492396641 0.49444568497161417442 0.49930100791779347125 0.49595876998845156436 0.48390024441119255938 0.48154705066749325937 0.47023018985828485272 0.46035811420159439278 0.44724989259341846326 0.43269270116220476252 0.41461843861009373136 0.40195070933443199923 0.39393220386902805252 0.389685171872176217 0.37351156494655601836 0.35809595419123640969 0.36002957633940241289 0.37536087183192834438 0.42458225499497981303 0.43693142503581455793 0.45779563061137207303 0.461502900614300271 0.45122509046837827595 0.43582137317811081578 0.43070501914626380113 0.42785474840724546652 0.42671154564946695009 0.44216006291011528129 0.4369368861952248051 0.44631891079725188876 0.4503605931902704973 0.44563321022292878837 0.45098370885240818273 0.44718366880175791644 0.43003561528110689771 0.41852963547211308182 0.4406360915850079385 0.44571845617272676243 0.45911669818419692524 0.46524053258588793369 0.46137218871883084459
0.44473537431282833543 0.44324228316321356846 0.43234327411664824625 0.42056147497541190861 0.41063130894643057323 0.39400413753090823832 0.42165516027584443171 0.42765889133425721846 0.44389623391604310365 0.43673900420162431457 0.45818496106705963733 0.51115226736728280876 0.52459702164358890109 0.53203743561686278607 0.52526615439908341809 0.51916616586768626895 0.53191627792184592582 0.53051251294527190794 0.53044985959076418336 0.53146480835351306293 0.52742978375199922603 0.52636377219166730068 0.52192588056294786369 0.51127668505820489386 0.49682428564560099371 0.4776408784632794613 0.46537229669427720991 0.45503738935957283029 0.45338909325282450435 0.45840537133186393115 0.4680347789999129704 0.48273235870485814436 0.4979144172285694947 0.49421008472367000675 0.47640050718963022902 0.49113133986102763817 0.50323366027378046983 0.50635168694295329406 0.49946534134953690653 0.49874251631148064368 0.47054346152749076948 0.45268154667757293241 0.45413232730881825105
0.56496380597693096615 0.56380319625307118159 0.56441532838711194753 0.55318173055452923847 0.53720705487969777625 0.51962745515100983162 0.51425507457559160862 0.49847217158908291301 0.46584660594041910064 0.43877347107451991626 0.41803709283258927432 0.4092304439518459902 0.40043945579419465419 0.40401876001475595102 0.42623909065289505849 0.44509320157590742673 0.47161353991679327846 0.4867291004758332873 0.48830045580726216814 0.49051923582718254258 0.48297618420936533346 0.46868196329909261877 0.44857513560160894306 0.4572115823779943633 0.46507774369589821584 0.47043659122390718563 0.46659867113391589877 0.46951291075277473697 0.46987913494629512945 0.46951628747176538115 0.4959472740879403152 0.51047166948115829666 0.51437287268877640578 0.51195955167303841549 0.52384273352476851127 0.53083382890071117988 0.52619744789975475552 0.54762689640991524254 0.56470400552816080175 0.56392899501567628207 0.58709217807329538985 0.5896254956021420579 0.61070131754704548577
0.50639747442151128443 0.54446788230062270753 0.56186572389896638491 0.58450752422305018996 0.59930053929504278898 0.59190053396363939697 0.59735475774606605626 0.58534962278631252897 0.58720481401122281984 0.57997639167061032506 0.56398462473021704344 0.55755807382802213823 0.56177803641196544238 0.55881846328458495421 0.55283558152483247561 0.54917491472818680265 0.52880571065450454604 0.50873993153695851177 0.48517989981274761702 0.4692973590386309013 0.46990229611926070952 0.46825194082521887085 0.46559775586848994866 0.46627888093107650036 0.49616782699304057269 0.50933834834200453212 0.52441732888926728684 0.53295266373352112588 0.51987431426340069418 0.50487359497336314895 0.50183978476397850255 0.49643431496200357556 0.48197831441915334194 0.46784694437109947129 0.47187399117873485288 0.461747142910056807 0.4915129113194581234 0.51339006096869688189 0.5205554400775691537 0.51408881980546672352 0.50470782676583691995 0.51454318059101145089 0.53825353455641977707
0.38489652318625700023 0.39410427728347263709 0.41397707533337496644 0.41710762199505613257 0.41650856268383706915 0.41818960998269832929 0.41493681938767612571 0.42106442654974862716 0.43065691402508898822 0.43162832548609464389 0.40127310685971662174 0.39049086083627287946 0.39553996744060204716 0.39476255848436286877 0.3999908127434801397 0.40577159384204153358 0.39962456545259417151 0.38883932454910530296 0.39304258653443996385 0.39113791698206912262 0.39726582975458307745 0.39227277441285440807 0.40330532689658887824 0.41752234261429022055 0.43072285723605663321 0.44867753311554781082 0.46211371503292875129 0.47270497273177358721 0.47243076774978742804 0.48902988414632525549 0.47790732614039199699 0.45986801170030905395 0.44401420364795729512 0.42205168654886887625 0.42572711680624497621 0.42735011916717630109 0.41551176775223946924 0.39527123028137867156 0.41027351656113197897 0.42890769717931082061 0.43982411244196345512 0.45149772964711443191 0.4711645379920206822
0.4356803663537362481 0.43384712460390661981 0.430041369105879423 0.43075591293144765981 0.41675107477244383025 0.42266314768920443257 0.43023946267099499874 0.43384485324700106101 0.4357775138876506249 0.43903720777545379716 0.45169154809173595044 0.44866759977950226856 0.44515706558875245413 0.42850958349798740077 0.42081280350340277696 0.38933932195287856981 0.38333209727444805814 0.37753334631944707178 0.39673994085945890609 0.40857764970080012734 0.42991525421448095745 0.44490261990321905428 0.46317147565224803252 0.47382715236706207662 0.47382241923365242542 0.46906784942272744532 0.46329838105844006746 0.45525472402094796509 0.43164383564123925963 0.42317830770340619795 0.42328474957869832718 0.41955037600349592841 0.43450626834655220465 0.42545775512083028325 0.42520924167733636923 0.42412823352348816286 0.42661531983708622651 0.44663462592152836095 0.43112030446665977612 0.43288327877835724999 0.43499712652378502709 0.44088809914318488614 0.44430688566296178132
0.46378976756548490057 0.46557626319267320092 0.46274272156437568082 0.46696263063789467118 0.47342862941438473845 0.4703259037189845837 0.4808082427677141113 0.48436814314833470663 0.47371781833042092558 0.46103537778018577331 0.44909939237301849113 0.4399417921356269523 0.43313244716247778499 0.42895232719821030365 0.41962644160068901522 0.43948483184005771029 0.43696356848503603576 0.44831223456728425125 0.45201895108798861855 0.44729157685008374967 0.45237728913504643424 0.45031834041026908011 0.45219272087766826385 0.45820105612774242321 0.46082669924924635207 0.45117085630607539626 0.44785928093580279485 0.43880570880083191732 0.43512075504629699196 0.44395329338946826203 0.46028437507313479937 0.46637245468790128333 0.47273836595159168805 0.48093559130633511955 0.49065014059717476647 0.49084623542696320664 0.48432571358485937418 0.4745419451168624847 0.46306203394701828113 0.45181018818925022806 0.45989512048688480084 0.46815451182002082442 0.47698727060112305898
0.57945262518420281861 0.5736850431937059458 0.55454843912009477158 0.53346013411446890906 0.52742876445684783171 0.52048985750170317921 0.50488164849499517217 0.49110999947681949207 0.45886772541992559837 0.45035145400248577374 0.44075044043075733979 0.42259972651154115164 0.41109537547000624125 0.41691801268487965748 0.42453159563608028337 0.43030615987714504467 0.43874706622822245983 0.44183009881181845024 0.45058342974716164564 0.44870345459561350454 0.44654744073837271401 0.45142225525627149851 0.46321127353725571885 0.45974873532502585904 0.4371077453528979806 0.42691565604279535506 0.42694869689668984991 0.42505320181025607607 0.42690768497960701611 0.42781188014797505437 0.42426634770938936869 0.42172987491194841025 0.41850753302093884889 0.41317058281028684608 0.41247789859774480759 0.40139258188900872604 0.40814436096446715663 0.40943329609744411046 0.40738763443779341111 0.39617122360518769453 0.41320553873919485532 0.41665867289604879842 0.42746741974158025679
0.46310717060593759031 0.49935606978689578428 0.50300848583731194719 0.52588411654783295823 0.5283766899022628305 0.53292238909040601236 0.53798941176234971184 0.56306669590805313863 0.55654161280741398787 0.55252735265256947006 0.53354270838506656638 0.51177458041103673914 0.48743649155237084303 0.46501026810963480562 0.47510620688163940351 0.49124337561899306115 0.491377738586703805 0.5327028465667857926 0.55694519344353587975 0.58078207265295145323 0.5786666626298136995 0.58380469062403728131 0.56409319959871206951 0.55746147799955425572 0.56872210817043322706 0.5940981166447159012 0.60539065137643499614 0.61619464289512315691 0.5982890114676668869 0.59756812712391338405 0.59512654272720999504 0.581943972155266942 0.55806935404757918029 0.52552700202801672091 0.51257191508248201028 0.48525718006721629827 0.46628437234765479635 0.43458864032902178032 0.42927669259404760416 0.4020573655279947034 0.40104268723564562293 0.40652428714230859352 0.39992912544116415718
0.66028223617802095369 0.66536618693678550862 0.66740235980358253443 0.65495403161726584162 0.64515544395263113575 0.63104057133769553278 0.63049089876325636883 0.62537265794369967242 0.61880585930035980624 0.60922913807014500431 0.60019288624532296517 0.58922893597861292214 0.56450489902947731391 0.52953213303361201802 0.51310952928152442354 0.49626706345086785133 0.46624683695439078646 0.4547974882336353053 0.44839583346864664293 0.44746991244304884505 0.48109124432444827502 0.5151888691660434505 0.53666955576451158549 0.55656172127405734162 0.56524705635227479039 0.56180898102045695452 0.55697107402912326979 0.54565110325069066111 0.52898960875780720592 0.52108203633589977866 0.52683835576700455139 0.52801903865577504149 0.5470985189412634897 0.54683164863243083342 0.54481599678379044605 0.55742394094395486537 0.5566221435568664555 0.54796295353394341987 0.53219602154058187615 0.51735061543261395833 0.50898716950863609476 0.49826103865786702807 0.4879784295043189668
0.54866211618736415723 0.54526753956427864711 0.54193613041253185791 0.53449702597518067293 0.51721543837949968125 0.5072825965708462892 0.49346970507179277465 0.48517818233289106145 0.47614264492098873349 0.47960753413258055966 0.48822562577882061552 0.49881874899145695057 0.49707359107073029181 0.49651261876017094288 0.50137666483101284154 0.49772965885708769784 0.49013765630548578045 0.4751485058191994848 0.47385186608954493748 0.46911611262310515258 0.48821303597790655093 0.50016771938028681266 0.50507425029849828402 0.50584726587372652595 0.51606593856337668047 0.53388473208506470602 0.54404657682343515734 0.56579398070665509746 0.55445429457108674764 0.54536813855258259309 0.54620527087938741673 0.55303772776079640483 0.55190285521718907003 0.56503267002311918787 0.5634063065715166907 0.54988608475119127306 0.52780610971920016716 0.49868655303289693981 0.48457784127078357139 0.47061330613341600948 0.45961378857195783754 0.46591174322860201551 0.49063280484286342364
0.47761508386093970424 0.5193148823195701258 0.56080310183751325148 0.56482569004021643266 0.57103261443497765892 0.58379930383674172312 0.58819703688921987084 0.58284920381825799929 0.59997854189109867118 0.63768796206689914996 0.65400140474162860027 0.6499034924503754862 0.66565575348535765965 0.66862118261615754999 0.66085447765762994621 0.65070926711726839731 0.65262478618951613729 0.65235110091660697407 0.64984252035291723004 0.64529898391190310125 0.64268249809723332344 0.65335660728097277872 0.65166368740406865889 0.64586233343548915542 0.64356100342525657254 0.63438897825429418909 0.64506885272605340997 0.65588821786875328712 0.67974660072324233351 0.69918818000169102866 0.69430359445323142076 0.67901859948931631017 0.68491613898358572055 0.6823864740468580381 0.66999257150105040459 0.66165653826754367017 0.65208458040032668546 0.63988223958837386895 0.61541537561155190694 0.59326389227083031752 0.57417628180359536749 0.55865161460429091367 0.54755086616441117631
0.76657287003742458076 0.76781533538922230875 0.75363087900866354563 0.72847712141556308918 0.70327365568606359236 0.69494828703573630069 0.68330478831339469536 0.67077558213392840525 0.65860013286914065311 0.64357378423676281365 0.62386514807780046876 0.60014599621966213672 0.57671665461623478066 0.576803336027111202 0.57468346111532386811 0.57224416515273812678 0.56844031617233758968 0.56315752737746849199 0.55718585126242625716 0.54102855156852613927 0.52111276459329758382 0.52902892134946688518 0.5089977533657197295 0.49966188721917448312 0.50795421570076459972 0.5209505693969163076 0.52681651724518208102 0.53352926503072539699 0.52400957684644011714 0.54161801399381559463 0.5474956042609100404 0.54204136297596927641 0.55198101365517504568 0.58853976412561115339 0.61690842172266779908 0.62752696964655385603 0.62404982692225685614 0.61098148433207621899 0.58762822996895391903 0.56294828388908202399 0.54533880922327881979 0.52892227372404154728 0.51716634175377884652
0.65562277231055943183 0.66861683562053408902 0.66424688568934953103 0.63788814205351807018 0.61697290812568006402 0.59522811563200128671 0.59502210270633915101 0.60228754952406371448 0.61235497732651411606 0.61449309536104690377 0.59873363078438734952 0.57470612164882362016 0.54313459497981453339 0.53657709188139302015 0.57056392435839020649 0.58066385894157623859 0.57876928824064077794 0.59225439145079672443 0.61294568887611156072 0.62052561774640457859 0.62338195158114273475 0.6170928353613346351 0.6262938360599351606 0.60082168327189344748 0.62248895127427128493 0.62932391896046180335 0.63685008212723182019 0.60945796944530339356 0.61769373003033478664 0.58234772646173993405 0.56358766033516904947 0.54521087745017504655 0.53546781277088595363 0.5106980427001089895 0.49480634488655772518 0.49944259072200503091 0.49159831571743006773 0.51000760106507836422 0.54337708548828078658 0.53980586846721789751 0.56052250675691162041 0.55203373374247299843 0.55961128863090880969
0.62883528927661946906 0.61780593607282296986 0.60636956093340166341 0.58278081022572314485 0.56953963408117291856 0.54662234568269529866 0.53646649705324667146 0.52858394605775693709 0.54000541158849413303 0.54844635346868408909 0.54152443326329069428 0.53171184474095811723 0.52046263997015951297 0.5060320706208354391 0.48456627202560892398 0.46528148342350633682 0.4458067374209183642 0.43913390577138494697 0.43389981276497580076 0.42716432239418633543 0.4405071735370674757 0.4564527532633473883 0.46691346144614120917 0.46480399106011682786 0.46371055587960863242 0.47239837768333564627 0.47641870623197102308 0.48991030395061213598 0.49078480020510323323 0.47894662372094759517 0.4523250016929559747 0.45019842223077966015 0.44885109523866451031 0.44524241035652251108 0.4726946807393840877 0.48978482205647999592 0.48229732145933457144 0.46845289780096721621 0.47718150272015730229 0.50054571220155963385 0.50218478047699421918 0.4994036593166480964 0.51090236955575418776
