benchmarks/avaInclinedPlaneEntresTest/release1IP_d553e2b322_C_L_entres_dfa_ppr.asc
ncols        1001
nrows        401
xllcorner    997.500000000000
yllcorner    -5002.500000000000
cellsize     5.000000000000
NODATA_value nan
[rows 190 to 208 of 401, columns 704 to 747 of 1001]
19.877585431671999316 19.777173568756357014 19.383780987280577079 19.046503334628141602 19.061214214565953995 18.91956704106269882 18.886274941399847194 18.889735846964001098 19.016594404668250462 19.140306683986764824 19.291064190718284266 19.383243958147705399 19.545585218213748391 19.694449195617004023 19.782095357954467829 19.95190427380596887 20.024504596654008282 19.828488419287424449 19.730302594156629681 19.314225260539274132 19.228638100059775695 19.427856705736292753 19.671833590374237843 19.79714217077100713 19.789030667041895839 19.655207972332519262 19.549223513297800281 19.441995963120373148 19.435543606437224895 19.495175700508749372 19.594596399436277068 19.759230787398212925 20.008835022790680824 20.009185682265680839 19.684136064171443792 19.2015100987897398 18.482440885573378608 18.384112002191638879 18.440364499164772383 18.663249227814816322 19.005894187433277409 19.465732615170349362 19.860133941573558047 20.230743851031764535
18.379978114067188955 18.174522240308370158 17.204157748541700101 17.367362641260207567 17.700830913541768297 17.984423582193930002 18.221112827204894558 18.369682425547551929 18.265336890313321305 18.172916938125183606 18.013511701678179833 17.750822541372361485 17.814966563215257622 18.417265268873894257 18.68194927023762375 18.717493731677258495 18.650588808340568647 18.863060362482169552 18.72883085504217604 18.924579597503420558 19.262239935671338742 19.540300552482946728 19.823006771828385553 20.032725062582763087 20.035791550706992581 19.737144123018868669 19.335015554056830922 18.956319496830133176 18.567121662246282909 18.52531941202818544 18.585474735978472438 18.48799084060875586 18.441634175365983594 18.486762933336432724 18.190638831859203606 17.981399900958852101 17.714230444251363394 17.682213985994181371 17.742069278575282709 17.899236192151814606 18.152639734830643192 18.364023821771684908 18.505332119974621463 18.326907792263888552
16.190844516727899816 16.079937044834260007 15.88888124271668012 16.22258287289799128 15.618673560173592207 16.308994464827687665 16.720229785222489483 16.720229785222489483 16.70737103114078792 16.468857333166194934 16.262004000151147665 16.253816546599765047 16.339664274395047983 16.479646619859195766 16.525325747653631936 16.490908046652865693 16.845798347257311178 17.093123770974571585 17.179636656689602603 17.363939285927525447 17.892618215765125456 18.441602334476922209 18.779793090932901833 18.707533006635344464 18.546141133826399283 17.575049179442515879 16.758875079471906133 16.525117225215115724 16.555921199957136736 16.251779072148181626 16.129834064793435289 16.377210478033589425 16.744390506849320843 17.050870826865072161 17.243206724356724635 17.409584628335508683 17.727363389612389 17.839177971170123271 17.872155421497172512 17.695791404332751995 17.492010759459546421 17.565928269742066448 17.670937921049212349 17.774625257083037866
16.138475087356244586 15.985074367309533017 16.053053101008703862 16.315143797725159658 16.232703311274704561 15.868985749261389273 16.092879531295370299 16.13978624793357497 16.521042934651781309 16.913721697411066458 16.969307383798739153 17.021991452850386395 16.965201841677124861 16.999442777606454058 16.759337736497865734 16.312418809616325177 15.700433015312102114 17.615725087263360393 16.605034199499581149 16.070844251896776456 15.783713095686486838 16.0757217774923582 16.453889009023985324 16.769906959047123252 17.006703320702680315 17.376417462014074999 17.684379676212092392 17.920202985578765009 17.846526462192382922 17.822669902284072663 17.852847861963372367 17.977035052839784868 18.165550288639906285 18.481120075621529253 18.888017739655964533 19.224182580713424784 18.913795172194380001 18.64263593654433393 18.430239748173786296 18.72289552101831589 18.989516482153891985 19.088548516315018588 19.202836675750987183 19.148069679412145661
21.75976629996447187 21.012739408844385736 20.098872271223964248 20.147994312140500739 21.068403478288594499 21.59382139135148293 22.1482370813867675 22.200442452616886868 22.169793019378193577 23.905816372346212262 23.64317122846246022 22.721060581583696347 21.526192008387639021 19.928669350476511113 18.345266262826715575 16.877794918055872841 16.690433817663681282 16.576987132984736917 16.407088497948056016 16.5405682655695081 16.832159356490063118 17.038652062200768 17.477716103057066022 18.009222093060913039 18.311739494528310956 18.491295402397852854 18.592795955661916452 18.677145425026203895 18.972029168991763726 19.27020432028709962 19.205399636355735993 18.999840776181699198 18.776891414101875455 18.752474013493010574 18.892608702604992033 18.967714979809930043 19.007310494637167153 18.951756218220239703 18.949659839397547501 19.01608986629945619 19.14648864605856815 19.309320091724035962 19.418307506794615591 19.114409025594682134
22.028774910105330065 21.648564670519309772 21.60184447084010273 21.644549332193875557 21.677082426171978113 21.700959892032294363 21.841887323131714993 21.999383864384796539 22.241433726634834755 22.013663362246170152 22.032452582013611675 21.948855745321750987 21.699901804795835858 21.028395144961532282 20.117928262599246381 19.105296502742298514 18.561666759872704091 18.560406805618011816 18.783045631645098439 19.078506489876183139 19.347467617643108184 19.541007847433007782 19.710391684869570383 19.783681232910588221 19.731117851895788817 19.705813294499854749 19.554169055111152886 19.307395346730270802 19.02676805184402653 18.670147108490169785 18.472438129142840779 18.298027291936982408 18.450794902159476152 18.741390221572839181 18.881159892942143586 19.011249622452012886 19.013121728011377343 19.272134675564849715 18.682490335561649175 18.515633785314950188 18.678386826200206627 18.66649749361561561 18.630584673351691549 18.740313333449748256
22.455673725655241668 22.156458966286848522 22.001330176709075204 21.642296872419422016 21.611367488049804564 21.841698591902233062 22.02114093496751579 21.997810555739420124 21.784008594073725362 21.671508548574397679 21.473627748676005211 20.984094519051726735 20.776176729054832037 20.520442047036887345 19.961087935571299568 19.424644171357186906 19.381927150789028502 19.561144457954771525 19.789529296086374899 20.045043715177669696 20.284759839234300927 20.503263604035122825 20.727502773015025639 20.924258818011093553 20.96814549574452613 21.062462200845544658 20.809794121714766391 20.568032737366635843 20.560705502602004913 20.603127801635874761 20.59475668778773283 20.804970813587072342 21.121462037729937578 21.529165344138036176 21.959332492191620645 22.130571575710067833 22.305404122168550174 21.785766996524731809 20.404793600388789088 19.559384803434280542 19.054526739040767325 18.801516697836500924 18.793414522490262897 18.984028511782387483
20.408272231861968038 20.598261429676778533 20.928588126058873087 21.25131616513084154 21.521135654111464675 21.636196909285605017 21.685950707869540821 21.727842176105053085 21.774853001567631594 21.845842044237468116 21.658475940921032787 21.161305997022974879 20.450568211591662049 19.602402314474680622 18.957890019833161688 18.724473909676348171 18.999737258666158368 18.451620728583694842 18.23982762408092384 18.343035032156763009 18.734524171906056011 19.12918795067444222 19.438607251820183563 19.646921280731060477 19.723111795522864753 19.490985492508556831 19.465827138813555308 19.510530006983394458 19.48618551236458174 19.687369602294950255 19.959001136606705273 20.467533167735091126 21.03390319979435219 21.580673999905020111 22.025142914564590058 22.241842771310064819 22.118963602171625382 21.518924893257011632 20.500170482223140311 19.528735221258823884 19.160025398532255281 19.222691897584148535 19.236824789505483579 19.446046488908759642
18.773554634020864995 19.243901433661278588 19.568206722821926746 19.830472728175202235 20.022171806450067777 20.058872221808510261 19.875027080233643062 19.919439738255849903 20.134178295515638979 20.624357411038104715 21.166224550104747237 21.142142434897309045 19.811538135669799487 18.197291376316584888 16.780655037158989984 16.856200664584694238 17.271033930732478723 17.548507101641213524 17.834186305422644381 18.12417137146914925 18.459365030240221017 18.721624475560844303 18.891101327325433346 17.317751155880294789 16.377644392539977503 16.253573402475439025 16.212403996564290765 16.234887475606964102 16.666305941352067777 17.133855814115690919 17.681632502297148335 17.855326414970814852 18.258055787714845053 18.622110386327104692 18.936078451613216345 20.093225972219102005 20.639399764220023314 20.621192718656985221 19.487487664935716936 17.78860730321396133 16.765334777182761883 16.168286369549040415 16.361005587667044381 16.890106854410639414
16.584268171369675571 16.500783818508406142 17.071427306402512158 18.499921316364716262 19.117393889130010365 18.60553650504283496 18.013135101163509688 16.963385626069140244 16.460139539003268538 16.913879240904041268 17.799221697368761141 17.557818674929166036 17.977352144769461972 18.32510648759883054 18.376466620684009712 18.387675402677864156 17.807457139978261296 17.683018320729772199 17.768143051481416705 17.669831848364694338 17.445847739387158271 17.35213333527157431 16.99678873705725124 17.084414431934103362 17.373542516251568202 17.874018184526846653 18.320887184471846609 18.557401031669304103 18.656277277206044118 18.830720526367883849 18.975413294269078079 19.107702581205430192 19.379124571817300193 19.588976620488796954 19.353799625257163797 18.818025338387840861 18.17843827802079204 17.556010143752939001 17.190330245522261521 17.016342923684284472 16.90033441074707099 16.732478019877504494 16.657158399288366724 16.536811505633259856
16.612778884042374017 16.319205395170676809 16.287700732642665713 16.491451987936891044 16.634006208018831785 16.767342802452425587 16.885465951364231785 16.820932204582536684 17.293691199623438592 17.584839169929654901 17.977736412686759593 18.210062050389932864 18.105792438352978024 18.250958083884160743 18.933387159307571324 18.354201538259911075 17.639466004483768558 17.655627816610341085 17.987479791714143573 18.286095904506684207 18.536967278745702714 18.581518672497139733 18.233255184694744599 18.187572634716083542 18.445793710599811988 19.011043034376090333 19.504575641054682222 19.759955049357333934 19.970996710622962667 19.988882591063962479 20.024581838933322331 20.223818980821267388 20.633395341399786815 20.975329145590624336 20.846226309884606565 20.521004740927374144 20.07303749264392323 19.623664094859282869 19.071281670689867127 18.497896830129526791 18.052733932150907492 17.891751375278190039 17.871760066301465741 17.960523890413092829
20.755443242844968665 21.058629929350015431 21.08260373966175294 20.616101080787107236 20.079916313663293437 20.084074608958200514 20.835328558855284342 21.431554807057729306 22.024263918955949038 22.145944060052265456 22.275412890207331174 22.127485600389434239 21.941390725714679633 21.649037881473510936 21.749002686631278891 22.118191152680260814 22.456439132673580161 22.802069192605447512 22.874998970112187635 23.154237851797894621 22.859196132571806714 22.786957185507581869 24.497895542232591026 24.493715855104447598 23.956842905715763692 22.673215246572276271 21.306849671141204539 19.788643125302929349 20.027208156599652256 20.185446704157083531 20.436109695804546504 20.684486038964273291 20.83609460600366603 20.941134843151488099 20.947860346897389405 20.884875878061546217 20.574576005842612147 20.020881279525841734 18.961262631493859487 18.926000963514365338 18.7949321421563873 17.870406983917479948 16.964982759124819012 17.178435014312540829
23.90600688173287125 23.603580220614620799 23.497413800435218434 23.498193360652649631 23.954603772934113692 24.364918601729531389 24.704318906805063705 25.034371484112206474 25.373285539363095609 25.642356599193849576 25.854569122384535973 25.749064079532661964 25.664223803799231405 25.138881126486900541 24.979880984364253749 25.024572310164700184 25.240001619830390922 25.326505062647569844 25.548147511420388867 26.130502254561459807 26.476946111029487696 26.609782244500728154 26.198779417485493326 25.848353476172810872 25.422060500061729016 24.782042671950730295 24.183387576427197274 23.515086515731059791 23.08698658311831764 23.230899672759704799 23.452825731108280394 23.391350884943538091 23.598637966719103076 23.352002554822767877 23.010935304272457813 23.002441575547198482 23.085809352099939673 23.294997922889276509 23.656148185444177301 23.934842571896925989 24.101229492660237952 24.177887437896131928 24.366197574173792617 24.445024144759628371
25.652975499481176058 25.66303154872671044 25.629686990735248031 25.60594367480489808 25.631840904245365209 25.866011727254946351 26.105951630545177977 26.37149706524414583 26.747576776304384794 27.115590497146467186 27.561271416066098539 27.698353635122302308 27.495325914375634113 26.805612223761194457 26.435824433840238612 26.284324126215505402 26.284426741932229277 26.431692574588385725 26.706066681475011393 26.888877423247205201 26.737971637831865479 26.488702261935493709 26.358493354091660166 26.47601774012250786 26.316944037733829731 26.042173692433173926 26.026135025704416393 25.984113685798416071 25.908821946091364907 25.904558268470530891 25.972710371593251466 26.201697648760887915 26.202469623757224326 25.810432448962458807 25.79690705322740385 25.909396289024464011 25.770998516837074988 25.788794677360101559 26.001399393454097009 26.21217644385138712 26.228331118450345372 26.152727354201129373 25.972180551918231828 25.61010240979706154
26.009014972880088123 25.925589322711868334 25.791938645673603503 25.820402258582834776 25.860191386749558973 25.939073250017816719 26.015200919036956861 26.167752745006328752 26.519911404285277712 26.928384569537044513 27.35721941230993437 27.505329744212730247 27.259108257061384961 26.949901736650080153 26.832979910764787945 26.512034847129925197 26.410128128281531446 26.523359756876775606 26.932685266954269565 27.16719740043600595 26.949361501347574688 26.793435082808198189 26.704595455947533367 26.857838725627068754 27.00683657365521384 27.109346576286625918 27.180640196634779926 26.990285276994089969 26.728587275469351425 26.62029904664613511 26.558647962647384588 26.437366953707147843 26.369534201389036809 26.259206865799530561 26.303970337473760566 26.29832975220486091 26.254244150271947689 26.542619268451772996 27.036065660379506426 27.278380459261562407 27.402047822014694134 27.297699738466999264 27.311700695908850633 26.974336225728738015
25.177278958088152194 25.440067593411786362 25.786675697866311197 25.88469388735101262 26.42705293657622434 26.542587867489565667 26.200829704658762154 25.633005741308831915 24.822381115544121855 25.073098188580438261 25.190721792043902383 25.494851397020472206 25.789481984455914443 26.04955847724156115 26.194403177679092209 26.33909960887947932 26.38013831535811704 26.125772575767950201 26.160586044074708667 26.316214335924186685 26.278751175172583743 26.108307420776760921 26.089767507649142431 26.057843093127299738 26.150983192027631219 26.040773774689402131 25.885598074618666686 25.980001911935897141 26.264209357223048613 26.428405052299169142 26.707020838332091728 26.93018847859414322 27.196284529627455129 27.423778209057058319 27.283735198032164959 27.136978105516753601 27.283768976269886508 27.713209846464678776 28.423990220194497169 29.109529542323961948 29.567474089427996375 29.835125069730931813 29.853946350833709289 29.533161013378617099
25.653499413083213909 26.111982834373915097 26.430272910605619785 26.452988101187528969 26.118034651909859178 25.647624979081893315 25.069076085761935246 24.691935460511654554 23.996768644291329053 23.025282030086501095 22.727022423401120221 23.164609258334511566 23.602735630966982683 24.058156425387238642 24.568528123842526156 24.863003833297788958 24.963972759590202344 25.086005648515293132 25.258744531814336653 25.464084797123952342 25.91897965924535896 26.1069323618557938 26.190955324886232347 26.208561655998330764 26.402483234219126018 26.609685860198130314 26.979132643907110634 27.244305122714511214 27.366200468374970001 27.502895826028861848 27.763626384697435157 28.241590605185201923 28.646716826101684461 28.872586031430884645 28.615579326676630956 28.351368402209963904 28.228587267137609018 28.53985257222560179 28.705866212733521792 28.767795777452302985 28.72445131619907599 28.73022860863842709 28.466494070567371466 28.114924555115230476
23.35062398071730172 23.457319485192474673 23.931551672631510286 24.088727025720377384 24.307401474516240114 25.086126670725175103 25.006317902169172385 24.591553622695045078 23.95551931731665718 23.020954392581096215 22.269378260860687391 22.439804770213545027 22.706331107562064631 23.016299265568569865 23.428758992489829183 23.753511291230012148 23.790517677647873285 24.055052594532750021 24.234495967673527872 24.372582334676231142 24.636618681054894608 24.848195346356426683 24.845312217051169768 24.692267722317723155 24.624869024018419594 24.69384937366733368 25.04542801252839368 25.236083746275841833 25.418888806490315346 25.626477974987579955 26.123698427458737825 26.917927608611829982 27.566531517292819586 27.92186002448051596 27.897696440900606518 27.800946634368838062 27.800649795114647844 28.134786514198943053 28.740159174346910476 27.670873106854294576 26.739629664352158045 26.178292382582405651 25.469264882825346064 25.120388796045585167
22.714612635721781686 22.662421725432267294 22.136566490519946626 21.899394413999072384 22.734111610533354053 22.566756064016118444 22.648286539640281489 22.824268675470410273 22.991417517049818287 22.808377754802890536 22.664305638278737121 22.851716965444900609 23.287191178303341843 23.678182056134335909 23.874845627892003819 24.172502709505067742 24.324976108519965834 24.322045760581957552 23.910686971280782132 23.716747941352984697 23.501163006628200236 23.302084353822220208 23.221506910215232722 22.883925007221453285 22.645269124410930317 22.461405446608452507 22.509055035179919457 22.709099248023473905 23.101751876975864519 23.545126316437524849 23.82154879385016244 23.901384608185406222 24.011860484510336278 24.164406695318149332 24.036252586306208201 23.85119219000930002 23.725340408061097008 23.917068258116827906 24.161364280629555878 24.185621045710355759 24.172305104210934701 23.963779383701588444 23.27222739520066952 22.666628522005993318
