benchmarks/avaInclinedPlaneEntresTest/release1IP_d553e2b322_C_L_entres_dfa_pfv.asc
ncols        1001
nrows        401
xllcorner    997.500000000000
yllcorner    -5002.500000000000
cellsize     5.000000000000
NODATA_value nan
[rows 209 to 227 of 401, columns 308 to 351 of 1001]
17.662395717412842089 18.301745709331701306 18.850389056180606673 19.315307377515082976 19.696030277764506877 20.0066411060814211 20.268994052949231843 20.491105530687292458 20.678332448606045801 20.841835487676256378 20.991814947936980218 21.140536170057796284 21.297753156173385491 21.462758562209927504 21.617817723322762191 21.773420579817141629 21.93110973622160742 22.187287535626545321 22.299703342249870275 22.291909673190431818 22.279427509897349324 23.015627310537745132 22.946837769286595687 22.850204318885264598 22.568476313692471535 22.178994988243182718 21.755548757270648963 22.324875203152569014 21.897898375590159503 21.426021875395747429 21.338601541279704321 20.881320033225893695 20.422181241836323551 19.848177246873696333 19.105790664796661105 18.551228295233045174 19.046236137914451803 18.502263859576075333 18.100616919977646546 17.96579648452944511 17.813111818917761298 17.678872624935085156 17.766184479607549207 17.884742699999733873
17.999796641964934452 18.637029368287894471 19.190049493955790183 19.661705168243113206 20.05800217926237039 20.386432898431525729 20.666707953806064069 20.891934996474663677 21.098205234218337267 21.267971598093044605 21.419114843819102134 21.55608576669964549 21.66486074615059465 21.764958930491062006 21.850964807220641717 21.920688823258903 21.961048365213503786 21.996161435387961092 21.988817452265632113 21.966354159660209433 22.276906317834573201 22.093227283200082667 21.761510197268172817 21.645612204537922452 21.52654276720407367 21.388913951912005729 21.234890977494117692 21.073299886560658223 20.890846792400147081 20.718763883093970435 20.544015853123369197 20.380579487693772478 20.215272233734189911 20.056630783018704278 19.880896411037252136 19.717085617119604279 19.53918894347362567 19.364533923674372318 19.200874338314537937 19.023783570938153531 18.847305761904138421 18.677225428234297766 18.530502024420595575 18.36106025796880914
18.366556692268318329 18.985460100489749635 19.506982909651878089 19.969011998115647089 20.367302045259645382 20.702157511166170423 20.986389362755971888 21.240644312961265427 21.450598509966614102 21.643255958029282482 21.812707176789572827 21.966609338061065415 22.099813548312905453 22.215089084171129485 22.315474929564913964 22.391720425140498207 22.43929470663917769 22.472051610869275606 22.475200675985728793 22.449905055651282026 22.411178110337552027 22.351000260356268967 22.270129091164026391 22.176653271842400983 22.082471562274413657 21.966617254457982966 21.835245251737195105 21.701927721397236581 21.547193770004433588 21.396081286235354213 21.234172962830943021 21.078625678916726116 20.892438122958093771 20.701735317575788997 20.511838936762803343 20.332997177281743717 20.141498911494554847 19.935993176709715158 19.724945843944652779 19.50036939602080821 19.275200753471459336 19.066577182607925778 18.897625436181826331 18.769924734579642944
18.597827345901212226 19.162203557602168758 19.668782349056332492 20.112733146304982768 20.504532986134456962 20.836914544499542501 21.131675652572820212 21.39470680076513176 21.625697657880532887 21.822981364674831184 22.018396777511849649 22.182091149970510457 22.319794893739473451 22.451812268753045032 22.559070084305634651 22.628165644886284014 22.668084556930669038 22.70038010376067561 22.712428498014762823 22.691552915331030249 22.65322750692909537 22.598787627438174042 22.532404346324742761 22.438355022375183978 22.32277944960485172 22.197699307690641035 22.041439203323573537 21.881155144276149827 21.719321452021475238 21.542511556606907419 21.359034835751927517 21.178914118767746544 20.998916321309025079 20.806936350723198359 20.641610263299444483 20.515320887072199696 20.349809370243228557 20.134090513451798898 19.940000582899088499 19.774444268394603341 19.572909127500633275 19.354435383238698165 19.117057055781998542 18.850535460861351567
18.66403501789087116 19.210462140261100217 19.704089221178215041 20.140574625707820644 20.523600029624191166 20.85020300731943621 21.157124726300345685 21.40674150057671099 21.655799269356990067 21.874924553606625466 22.049191805617056161 22.22235193168659606 22.378036006003817704 22.495695271216753497 22.581078808433471039 22.659478090039680609 22.70285917469264092 22.720806380739048791 22.701600196307055057 22.682065225768138106 22.614142401059680765 22.524642105440797479 22.386901536483016173 22.24247137773657812 22.10240991250682896 21.983304142910718326 21.865840042429013579 21.695929048229039893 21.515268546767721602 21.332964656589521013 21.138893821377731541 21.27848647275690297 21.143664497907593613 20.926361011834991643 20.652291891440309968 20.346141959886178796 20.025277260269600532 19.684895743148576486 19.319841321098717657 18.893194924242706634 18.518530864186384832 19.223319415331374671 18.787641134232156759 18.477098713019987741
18.717235338047252924 19.252166871179969831 19.731175145667865678 20.141308559489850438 20.492181309117864174 20.823132423274934411 21.103026614972179686 21.374317725884974806 21.598117970895682305 21.805726091390937427 21.980896445727363897 22.113977559031908982 22.217322079712189975 22.31017831530666129 22.352646333830360703 22.372547828687149973 22.372386801562395675 22.359015027876296244 22.351750914632624756 22.31745440071802733 22.264620058562545779 22.201409110689205306 22.096944489433877123 21.944700425969809743 21.735782038843325381 21.827490356541410677 21.690004148270841 21.511097295504239213 21.242158716492731685 20.89385923343854401 20.493544902556124043 20.030836431174645185 19.518199372011142856 20.289866859778616259 19.865627416309273201 19.37826228471633172 19.292211794541728409 18.841933475366420936 18.295613753367760523 18.019098900750840642 18.14222990315403905 18.241132561501675724 18.355417394678781307 18.477771355050865765
18.677776364503881013 19.200889300248046965 19.66404616227227109 20.059802784771761708 20.397903244818454738 20.673944792636874013 20.93070257580176019 21.145430171709040934 21.342067429008572788 21.503603931368409974 21.624047233942569335 21.70296738501964029 21.775308908989075007 21.837334989937321694 21.897260907713121725 21.93694410384978255 21.96700820215652783 21.916460701348061235 21.835543387576283436 22.245216905990030654 22.134646627714836598 21.940312780776427104 21.674448982255370311 21.37157315445807626 21.034516909834202636 20.643730737058884728 21.091976064406750879 20.719889060676038639 20.574389681972178323 20.145497349812892196 19.596604684860707835 18.997458344921998474 18.298494031130051241 17.660436122076752952 17.433475831295712766 17.555972006207454683 17.669291652466657894 17.771377382934215206 17.871864565475203079 17.982603807570075816 18.095389908955414882 18.187463316931740565 18.297655270966576069 18.423804081029800273
18.51794964647569941 19.02105507032062448 19.449893596491751424 19.816270318811074702 20.100949583967835821 20.343143552317304312 20.553401793631007166 20.713961004309634717 20.851392480563635701 21.02917099575336124 21.267646979545482111 21.38200514706898403 21.385752188190750189 21.377341290683670394 21.691578047187356049 21.649232822903258011 21.509094272725757691 21.313643934267819446 21.032498232151372264 21.40273770516144225 20.718375283142915322 20.441948621522623597 20.79679658776061757 20.408604500626662315 19.907598118092543871 19.35003884216724046 18.736650722478778164 18.078966061703063417 17.350236895415516614 16.799476812981929186 16.847028317118304841 17.565934770814198629 17.070023515147813242 17.213453770654670194 17.337978235614780687 17.452986629618106207 17.574122163784657857 17.684099353670220012 17.777602459009759883 17.895338953301230589 18.003990701493190585 18.096134466983258449 18.221954711575261143 18.365282995484871975
18.186086993114308541 18.660451305441522862 19.043459827896558778 19.317863309232564006 19.555885200881895969 19.762073808514898587 19.941530293037697419 20.067452227564047007 20.121145399457581959 20.224143565939268541 20.769387279661017942 20.657445833750966102 20.491689693227943536 20.277263008103322051 20.836100096821461136 20.641334579149308581 20.308563742535543639 19.854449446545132218 19.368179078277510285 19.825271159657262388 19.349947473412221655 18.79635041640683113 18.055393835935845459 17.334021878867392985 16.657312591693877124 17.551411838234230345 16.779033793961044552 16.487580857699008163 16.510430143774549094 16.572828338278672078 16.702862708699257155 16.824404403507600136 16.931575331840093668 17.0644856810361496 17.196374227405950563 17.327812699263350993 17.442480690300705248 17.551651814682504238 17.637831007915156789 17.73174059366405686 17.848741201119452171 17.962087787118104387 18.106720795788564971 18.251617376412205829
17.465349782735863471 17.690823532500960624 18.079901819203470836 18.368534281624437909 19.292718332749199561 19.306656108279554473 19.219863684583067709 19.076284655881135421 19.584576846898322344 19.439328254128415807 19.20562455684920522 18.883485432189900166 18.473613898311668891 19.013324759316397206 18.758069036452518219 18.262327786593388623 17.719409856509880541 17.109378235993208506 16.262109127714673207 17.146115725145815389 16.865936992459172217 16.228847182677739625 15.814489632915320172 15.886728514855251504 16.056649941645833479 16.249036271619061722 16.351273143965350698 16.338416557586690203 16.352328120996933336 16.400664447022666792 16.521164038000694774 16.663135957700170309 16.766844759446655644 16.886177073465471921 16.992084367348954999 17.121270702901352223 17.227713205218190495 17.314074279442806414 17.377821600649049572 17.439808023319365304 17.525481418537804501 17.60755827316668487 17.716226928990867151 17.863225902843030468
17.093733619966471338 16.979343805534231393 17.058976346134848256 17.068918568247287482 17.089341454345849058 18.018919737562764993 17.88858174127141254 17.640827619405811788 17.27841458138393449 16.70138612578480064 16.165910997830145845 17.089639757202931492 16.588365388293237146 16.723653742424190227 16.30969225397910094 16.303240982007118021 16.368857978367696404 16.461116751532980373 16.163882365300384691 15.934643331597504456 15.856402424487837877 15.827477363057864679 15.831417038315224843 15.850640428786785918 15.989290446543275692 16.13680927869041426 16.193007651888557064 16.199288056087116416 16.205677833577762925 16.225693062164602054 16.288114601514465107 16.368194424762169348 16.457231483574371822 16.537808433552104503 16.715156555313335218 16.873450070207073992 16.905677091138102242 16.949672194194263852 17.066951183160064431 17.125199062811329753 17.270155125285889142 17.361651732743620613 17.293471724566607861 17.208751888257214802
15.798550299246567619 15.68657791742841745 15.723386652451692314 15.766578280561612146 16.108048558903114156 15.883887164148047688 15.597534837107339456 15.353484944386298849 15.612387222553975263 15.559591857705894924 15.608023642139135845 15.736432667934876051 15.983122527805349478 16.255692819499468982 16.420144061960868953 16.5063491355443972 16.575350202755810614 16.507597321122560174 16.236940235225379325 15.976881664506093372 15.92806148802978683 15.947746605289884414 15.965887155426342403 16.043274567262542973 16.20124718318048096 16.312139415605876991 16.371904130391182974 16.22810259177601111 16.191632460140692018 16.250703331699391185 16.327114911836243749 16.434421642944222697 16.482354663506853854 16.615377785923865162 16.702813952996308444 16.87612314008324077 16.946013966571243259 16.92538937516805575 16.93535602372279314 17.001338775712060425 17.036200135770883435 17.075697384914960253 17.136628494812892853 17.192961794233262651
14.118606887274884443 14.175126041618836936 14.49252205551575301 14.83637707066102962 15.058200534386315894 15.235142584971853807 15.380127767971638164 15.440847509551151262 15.549427737217241585 15.631933305660734135 15.689563056724201928 15.812622776653586953 16.02177198236871547 16.287238246158693755 16.428857866882289329 16.432701538679275188 16.462814437630434838 16.402431054853465753 16.273961010622265633 16.162942253733977083 16.157157569805757902 16.161739394919592883 16.100101341259282606 16.13469148549904375 16.269283558013444946 16.387190383871082844 16.40057420025343049 16.2986554072812595 16.221313448113203748 16.244641398502214003 16.358300277627467523 16.465858124978044685 16.490068949200008319 16.578971393784307509 16.723242208603252834 16.830737575766068659 16.874817046810793641 16.86947193877800899 16.941138455735234913 16.9853144193866612 16.994347004587108785 17.012591875220120841 17.095284648026467522 17.180672434339143706
14.131310989830391023 14.205166255275596399 14.524955089974143974 14.843453344728725796 15.036365741058709489 15.201168551239994997 15.295664925374662602 15.359041805335593267 15.479108913396276037 15.567241037472260956 15.643648386414248819 15.741636887439211634 15.905998250164680385 16.118990639841992873 16.308153038034912896 16.281235120567650654 16.30089609667524897 16.226467035260437655 16.222369442501307191 16.246376406111018298 16.334044117881688862 16.321502414781683399 16.253009011281687179 16.142242495424628856 16.174131996343994899 16.299191088548500517 16.382311904121980461 16.342667480573574323 16.270966348682961211 16.264184049373007213 16.308032400100174186 16.32136905241625513 16.424687099510421717 16.581343577452365423 16.703235949765350199 16.785782226415800977 16.775967301126719633 16.772549099608408341 16.790246995198224056 16.7935215588414124 16.796162248298085018 16.840526708142938617 16.909561812807083925 17.018904903811819196
13.970893674672522522 13.990118276563253019 14.360764678606681599 14.655373347916766491 14.806806639615842869 14.94549873747168256 15.045290478973464943 15.121666813424484488 15.247042292566979071 15.357490699495960129 15.41845241422754853 15.504422416316224087 15.662237252503761198 15.811247873133053687 15.935467825720918356 15.938700377335347724 16.000457249734491683 16.042143417432800589 16.12059194178311472 16.22082719714525112 16.314310953458175391 16.244970274736974858 16.105766219557736463 15.985644305285147126 16.01209732054242707 16.102902175936844031 16.221427877587220934 16.171146118509117429 16.160997186923818703 16.168361753553707416 16.227604280250098157 16.224458895525696533 16.306967740806655343 16.454639139757961885 16.588983714520008306 16.642009133837746049 16.600839472811397712 16.520973807316735815 16.48836559362487364 16.497320567050476114 16.486027563019717945 16.56276102413129081 16.576699379429960857 16.636071143332333833
13.834522748128970093 13.823622405965881654 14.052530404153143806 14.338948843639554909 14.541477476035048255 14.680999377158132191 14.775933926778892058 14.826104472434144199 14.926828835305922638 15.041450650726019944 15.127839839786927811 15.221093099196728815 15.352075085688909439 15.422641121901046191 15.488155739345881301 15.573243759843554912 15.683352791669028292 15.757690737653980761 15.827678641401858428 15.872130381169078817 15.91223163415642361 15.826448751466317688 15.721562600812276855 15.654072670364268305 15.7148209732496138 15.807390479435987629 15.876913294189735737 15.870331274788505027 15.864897193324525304 15.915201390202707188 15.976983807907421564 16.016532069191498522 16.075470155606154776 16.142126554189687226 16.218875778748511607 16.225092538595621505 16.191826357460850971 16.146448756959657089 16.130031905991661034 16.106073937622262804 16.143469480840032304 16.164144450615385296 16.200794787462658775 16.227182153139136034
13.428800424570377814 13.626180912680643686 14.015591507572263907 14.29566241729410514 14.472735691649660339 14.591881868118694143 14.661712612734403294 14.710277442242787771 14.729615481906318308 14.747137233392727751 14.848808241838574062 14.938462447327502503 15.019036707981266332 15.113480839284758162 15.228426848060719223 15.347422185254025351 15.418800035568581919 15.438694565585119989 15.427860553132651589 15.475726985449572481 15.492996079775430474 15.516668223856525444 15.473714426408820444 15.474511454778772546 15.571125940681861621 15.677166339012838847 15.721886404091511835 15.719242425448399558 15.754647943927253095 15.800415946216794794 15.845281676686315819 15.850695037824745981 15.792930477122203214 15.749995176784747031 15.670448675064434951 15.645322058805431809 15.607909133106092625 15.592673346866554596 15.626575278649104561 15.666246354337355129 15.727628185928635318 15.806853841057376897 15.831533105323348565 15.927726886393179129
13.153006885096175438 13.521979972230264266 13.874606002700499374 14.122055069971841235 14.286092634899663523 14.406458482762584339 14.473934324007069918 14.508991731047924389 14.536111972360506783 14.544742141929424051 14.616787767877687187 14.708229493066649951 14.808714166165742654 14.890039648473944567 14.991738984049067795 15.086022190161255452 15.136783750813398441 15.124025532673407213 15.122889797762242736 15.159078232733408598 15.219583763662281939 15.253353100440753209 15.243068169416499558 15.283483190315328315 15.365532526891783505 15.403580720744198373 15.425202987560906465 15.393360225677771069 15.415586385473876163 15.45295754573009539 15.482624583766147808 15.526403284757865464 15.494691031868102371 15.375387279863517165 15.194706154172665791 15.006396134997395109 14.925968178103778072 14.95277051063785656 15.051453007539450368 15.154100675443411106 15.233252958631707585 15.238283033595608984 15.276781356037432147 15.363111773807002436
12.999561544884516096 13.344645459984235458 13.613036706269090459 13.815303026507622874 14.007890373587946087 14.162215695193477671 14.29896221129791023 14.384723028787865573 14.400386150758533788 14.366540974452295387 14.375468787674709148 14.450567372208597661 14.558215891329851388 14.597023370886116567 14.654112388349698648 14.755550588368688381 14.838470593479215154 14.744959715701186909 14.669313671265715726 14.682571934015163251 14.694504581008001054 14.674056812957385176 14.721916968418705451 14.840167975744423146 14.926988685107884791 14.937177172091523403 14.946083826417352114 15.017541768868479579 15.149738955044075084 15.270167152870348204 15.281347329167889626 15.145083986734498183 14.984743885362469484 14.8752794372229733 14.793467775498527317 14.723587448127222643 14.70853214625363492 14.712179297922451937 14.728054742280786371 14.74755282484915675 14.738203146761403417 14.76511717508884125 14.813908892725784483 14.845805971178545946
