benchmarks/avaInclinedPlaneEntresTest/release1IP_d553e2b322_C_L_entres_dfa_ppr.asc
ncols        1001
nrows        401
xllcorner    997.500000000000
yllcorner    -5002.500000000000
cellsize     5.000000000000
NODATA_value nan
[rows 209 to 227 of 401, columns 440 to 483 of 1001]
80.313128268751071914 80.551642639113921973 81.46954496849645011 82.234733017734669147 81.640787185625583788 81.302828766255728965 81.478909696378210015 81.665081668683257021 81.602420932037645684 81.469126626723365803 81.719878536297187566 82.35360717220225979 82.602681725111438027 82.65889070957022966 82.87222264350943135 83.319659952057733676 83.882823130655083332 84.260293124012136445 84.598487622904443128 84.251403647895884319 83.915519241995326638 83.672984254955508732 83.549609020880410526 83.348741576344906434 83.202223775070550005 83.263699239308095912 83.397238440584658292 83.583086900031261735 83.841476765457230158 84.275137525828327512 85.029007809819646013 85.764624514805575473 86.220278115753615111 86.751750221167654331 87.206929786127517445 87.553919881209012033 88.163142670753373409 88.572747555586929025 88.675041334954627814 88.933900541280493712 89.213361511558815664 89.779634148781312319 90.809933847661270079 92.238275818456244792
79.270927416254295395 79.58488823440703186 80.99016529724474367 81.87034136417121033 81.714655485734155604 81.860691139999033794 82.400927694912709853 82.779147687568269021 82.624814326904115092 82.007755294479494523 81.598602652844832051 81.597375710401877313 81.821199512374349183 81.729326069550950251 81.843766147002583011 82.130226435526594742 82.571484319986879541 82.532154698883402943 82.440580436311137191 82.174885380180398897 81.934995041844516095 81.717846862354491577 81.778450200115813118 82.02559048486722304 82.262959633446342878 82.379898765291756035 82.344074552423776936 82.406152786687840717 82.793581281695210805 83.664762942489929287 84.404803491414568839 84.960047079914957635 85.492102992722706745 85.813345779708882333 86.042154485912803352 86.474203359906269384 86.745112346753003862 86.891076142027259266 86.996111754098336633 87.102934793958439741 87.343504919828433231 88.138371294030406489 89.428381222466200029 91.088946213030510535
78.062753262065669446 78.683903903114199352 80.271046447303675109 81.951188732725483987 82.12458235991238098 82.793716332034932748 83.698112463947808237 84.270216774072977728 83.372539455522257867 81.65635023048525909 80.669975586588961391 80.152072969085295995 79.687127448219712278 79.339710753622313177 79.534003360542271821 80.194450939198276274 80.489778443423290355 80.035621358257102997 79.782757282108676122 79.342663347647814476 79.067954159712641626 79.100389676014643214 79.599569268551405798 80.402343000483583069 80.937412733692184474 80.958557668843354804 80.791493713193986537 81.142256128412640237 81.944615634723191988 82.761057520285987721 83.289780656090769639 83.617419426444470787 83.523373365991531614 83.425842871249017207 83.442744297002164444 83.729881221284685466 83.915063326095506113 83.78886321239406243 83.675529518872394874 83.694024414758075636 83.81340770436796106 84.460380210918543753 85.453502844479402256 87.147865712114537473
76.978080613217741757 77.945769324123048705 80.330408978436196321 81.98096301422948784 82.99679005515842789 84.424095959646408005 85.884105738180636536 86.318491106794780876 83.804585019313009298 80.493207621719406575 78.737534941129752042 78.043714445640929966 77.66055675400620828 76.655385697326423156 76.485406983579068196 76.747423531730561308 76.867616769197184112 76.930137138718734491 77.191190135117736304 76.935818511048424284 77.025961262638901417 77.495103374563768739 78.508174634633348887 79.580266665914649593 80.087312798677871228 79.65613366343444568 79.198246057114985774 79.633235107533280939 80.389798541311904501 80.722424464308261349 80.410003856128625443 79.856625399110356511 79.613609887941379384 79.433599838786406622 79.402754972223078767 79.909770139638311548 80.360068379515610104 80.581987501031690613 80.694357498933328543 80.480227287874740227 80.227287245235928026 80.330720049107696923 81.125708640641690295 82.159768030091413493
77.296158392720272445 78.428556816950276698 80.219522460218826154 82.688410354421421289 84.542245315625393687 86.202625719589647701 87.637950569617828478 88.876398667834607181 84.451961248773031343 79.803940663682183754 76.929972445224024113 76.160094720074823726 75.875391332345017759 74.694839672288097177 73.777008213241529688 73.210961492672353756 73.056114975499653497 73.765674194740114444 74.381628009384996858 74.681171093653716753 75.118458720702932396 75.402337997535482828 76.21926545604412695 77.405181420165632744 77.806123415265304288 77.453820290503571755 77.533387642675108964 77.909799801870235569 78.254256399038922609 77.641263342059005481 77.250492501524519184 76.729707062177610055 75.538951296999513829 74.703836895789251571 74.240379015089573045 74.512474991943179248 74.855957969141826425 75.157268487897852083 75.300838492305260274 75.0985292755297138 74.995163858186018047 75.703204301688614919 76.474569138434461024 77.131357093977385375
79.037950834909764808 78.970607775141203888 79.858995641730246007 81.346367978796294551 83.464791978901132552 85.301258878041892331 86.957971173468848747 88.250090148659609213 83.987365304473968308 78.013452472135710991 74.583990770480795618 73.398742795794973404 73.005735070559339306 71.909896943236887523 71.040538800644355888 70.119029709788563309 70.525264779221373601 71.856782111124843482 72.97008407636121774 73.83419899831281441 73.971069189112142794 73.383926855264505207 73.20601438468293054 73.831640801196030566 74.170660279767020029 74.361016572892111753 74.450939823058192246 75.003272647328955713 75.658886392253947406 74.132783689813265937 73.179909424932986894 72.541024783549602262 71.64049272767755383 69.87853682957351964 69.148294982637963813 69.24957060831717115 69.419789535003559422 69.391541017603273644 69.029724563522449898 68.615360621090829341 68.651530843506989754 69.789660747541020669 70.193968001600978823 69.655648040706068969
82.289116637319452252 80.744695688357154495 78.665524614034836759 78.914332478381439273 80.099161535480249086 81.560077777121151144 83.10255857893405107 83.471752841443034754 81.545694961817829949 75.158567987651579756 72.743700197726383294 71.411967234004791294 70.565596211035185092 69.758910216923695202 69.495780764463077617 69.309418784434399186 69.788521843919099297 70.539335023738857444 70.941307934599919349 71.40632127629199033 71.807306460429202843 71.693508722924875087 71.572451880929179424 72.332036145541124483 72.021431592764898255 70.894851095309633138 70.258943045940853267 70.357803647300414696 70.068008263457983276 69.63171584813611048 69.35628465080058902 68.863296338218631831 66.975626525468527461 65.331074099367910435 64.782320476910712159 64.364146985982614524 64.414068998513585029 64.98307368225476921 65.875925033262518582 65.639580472095616415 64.322909365994803466 63.358899161641268449 62.168688925299548487 61.486761790356830204
82.115587472336741826 81.090571402024394843 78.072317931656669998 76.586787880105532622 76.591679277424475458 77.426068227794928589 77.974222307208165716 76.974323115279588592 74.437711907712611037 72.856290380509079796 71.633612683852959435 71.078565832608987307 69.742172221351609096 69.044337789584119491 68.788758786992445948 68.822344171201478957 68.698817829346339181 68.402306994236326432 67.586237859876931111 67.946173867036065985 68.862347634347472081 69.801068902612414036 70.609907563926554985 70.409684612920642621 69.33255581312097604 67.665671729610366469 66.300587598987405613 65.444833132187852698 65.049493043130851788 65.001568814496053506 65.657329316571605204 65.383925773443138496 64.641243146479354209 63.609004470947951404 62.780938512803942331 62.117453110779010217 62.14261368743932934 62.536348381782062233 62.884699580988190348 62.364571976311140133 61.318596622623644521 59.884573124617368478 58.692810273918254893 58.064916528853807165
79.657527784483235678 79.556264314443225771 76.393305703148598695 74.317938937190760385 73.67274079364847239 73.206267546580946259 72.186668847423675288 70.985679779615580287 70.315669980171875864 69.624902605801636923 69.677311863891446819 69.707755992020480562 68.751383940779220438 67.71223017336922112 67.365482365454852243 67.296759845734186456 66.555333045614105458 65.983164511861644996 65.865794587756255396 66.7112018218590066 67.961165329675480962 69.265801676490070804 69.410439960081177446 67.786237512042575304 65.355127595311856226 63.858603473545549889 62.378024507063244641 61.458009188356903962 60.839551997609973455 61.261119292798582592 61.562808917142710641 61.731906121669673837 61.972272740501978205 61.963361482908915434 61.821256731736283996 61.602848350950139888 61.484010055965292452 61.287459500355609521 61.037498366820614137 60.366760057422688135 59.324856391070966311 58.150061374164167205 56.571335749198397025 55.139370590224203283
76.551537685081228801 76.098222390145764393 74.250024274022933923 72.535011655646698614 71.640084363907803322 70.160944212613188142 68.691167536786451819 67.938350105967202808 67.484984535586164611 67.050686381224210209 67.814337962036347562 68.737674774893804397 68.334378438017836288 67.026133475762904368 65.975522064640301778 64.763604835985901786 63.958233184345253619 63.870656093979611967 64.444859988402029671 65.768060117968573763 67.310297368040792776 68.244116428378859496 67.807582058773363087 64.769079484303020422 62.337904727566403551 61.320092231966128793 60.268134345965904686 59.657078388991706674 59.364760722283563155 59.713463545338726135 60.017545822403128852 60.146932604816448986 60.582041975169126147 60.866300677391642182 60.778152010743568212 60.47555916027027223 60.303244516515384532 60.006691981164735239 59.788230685116879215 59.117667534921245931 57.936709717683953613 55.746527954097885527 53.427052548782626218 51.420434290530657506
74.73359387544587662 73.778822713116099408 71.425540143569747897 69.572498411350608194 68.561170530935314105 67.251595213783176064 66.325636111377363591 66.041406418891511976 65.778418221971634239 65.947245238740265449 66.75225439804334826 67.403706598142406392 66.912822493136943081 65.623031943750504524 64.529894143572306575 63.320247597452159027 62.590297533509932748 62.526953973799209052 63.025454164844596505 63.82488014790590114 64.939358534244362886 65.739944311103727159 64.902758341736415559 60.800964145712036668 59.093483305903419023 58.310990500707383433 57.893656734694943111 57.738348595977178945 57.532787549498607405 57.832586182021444188 58.557426322411870956 59.42592436204043338 59.961257686828190572 59.928637811719212891 62.101054120505928324 62.348550261725414146 62.181827168307812315 60.906539240112742561 59.098492205821855805 56.767796398087000398 53.903720939814895985 56.397337407992900182 52.954903516350036341 49.34255449478069977
73.79833228415451174 71.83762904507523217 68.373908345301089184 66.029814511341967886 64.807600175568978784 63.857083244342128125 63.589448662434904236 63.639423047759834162 64.053897349898790026 64.498396101213273823 64.953474358617810935 65.260836297742301326 65.191060336828158484 63.906218336545023817 62.543734624520809007 61.137032174710306265 60.366198841897052318 60.607389498042600451 61.424081287605154955 62.823353900673360783 63.908729097624821236 64.606998087355748339 65.06096090575316282 63.805043696812148823 59.612040472303732486 58.31435162703852626 58.941437790396861374 57.286138898107388684 57.479062137261024645 58.033661208993542857 58.013757519834570076 56.69487518416346461 54.860784693085484776 52.358865076415895601 49.212382058125527351 45.262947269317443499 53.923482857816352976 53.455156485376697617 50.184949009146343712 45.92946545019128024 41.014308528850428104 35.938202422295809413 33.857318898601768353 33.709895612875044435
70.877846881085631026 69.269254012285784938 65.552440763504534971 62.543082013356674054 61.054049775137670508 60.317271635820205233 60.345941874764648105 61.195365859664271113 61.797230679761639749 61.978231486164858666 62.378853242671212342 63.431281703602380162 63.368961203712224517 62.163002186749068301 60.286988492799878259 57.752677853687927723 55.319457876078281799 60.65891283958087854 58.902454293272512587 56.992458875394639506 54.650567660059415687 51.704686188252303225 48.545010726196508699 43.870052994839802807 51.082962445093414772 50.703294008025089568 47.253408122482383646 49.026524226875089596 46.266681467964254182 41.963030711659946803 36.984213928427031703 31.045009663331715188 34.822875387124824442 33.576544115402938928 29.648503737606933583 29.376916245631846891 28.917814373427191299 28.557331916980587039 28.593152222755090719 29.004441714362982907 29.34953300178078095 29.352559747302816362 28.855246882038816381 28.766284877847873247
69.38617611286231579 68.617024292212505543 66.73244214255257134 63.425572506770357961 60.048995160282885308 58.044916375714734613 55.47190074854977837 52.490366983272238599 49.468989444878978645 58.85700461074264922 58.472410572635922676 57.951081561935332331 58.204249490086269248 55.143594311336492808 51.857516495387251609 47.447080391662744603 42.515357623214761418 46.675916702969800554 42.582565302893769399 43.969647880920078364 40.70546913360651331 35.763975682020415547 30.170889634567025439 24.64591566652507737 24.691111620706358565 24.377588784115605591 23.985174970471174305 23.464264256176701195 23.271447302569232107 23.298125435039899855 23.267140928310162451 23.033292813266566412 27.435158089629403833 25.69132681333895718 24.319255486787362486 22.194719895071248317 22.42748763738109119 23.001253796744830282 23.540449572838799241 23.999748681334590827 24.26964057533191621 24.094213223538460511 23.836521748524848618 23.736918827521716224
49.607424918584349882 44.168568706460938245 55.284538911345315171 51.430704067021679293 46.468793805459561952 41.229814719020652092 35.839389018235777939 29.882563129970595384 37.651911182274787393 36.931638393296758238 31.381655243411184841 25.079965762413980457 28.887057335369028976 24.008200338881600544 20.258264523868760421 20.447386942426486911 20.542203942051710186 20.670835441835947677 20.45565049495743537 20.43936969309131868 20.900198127543315962 21.39694215131032351 20.805586647587414717 20.836470590320907093 21.419865844386205112 21.582665584433911476 21.342116521274405727 21.609956760098143036 21.901409629077416952 22.075347452294003858 22.277288437021152134 22.387298450814714812 22.391560575615727657 22.589810324077564729 22.870209331352388205 23.113903499977919154 23.446005002747369872 23.615230152587795232 23.713703306169502838 24.033639894920728608 24.510150905953782541 24.819238182427000083 24.731865582551606053 24.687233878609909254
22.064136057499464272 21.802968526046797137 21.924751776568470518 22.078998513205306153 21.743985437690731999 21.095381485820947631 20.872834835165924972 20.915023806510813387 20.823011629456900096 20.576726475854187015 20.305919440675033627 20.347110294484796356 20.409049691124209858 20.551371142320373764 20.676953806221845866 20.556946073686894749 20.501038168312994969 20.515338690041673431 20.047624317874152666 19.864572212727832579 19.684089272677198323 19.526075454012467247 19.225851658282795853 19.41209315106528166 19.507927676017491336 19.549265652992730224 20.114864985511268003 20.201725811782658582 20.352884864403399945 20.600237674376938202 20.891177394613826834 21.084766257311130744 21.161893469827205649 21.368332240224706453 21.713068610503135858 22.10977250363083968 22.266915126796558155 22.277866172630634622 22.484372291573350822 22.796094720019606683 23.366190313435790671 23.679753488467746081 23.744699744644229611 23.733092277619856958
25.209299293984233969 25.416469330129860538 25.627877008431912742 25.121433341522756422 24.354770749500463722 23.970212820082718252 23.71661626193320771 23.437625874625066302 23.342036336970849675 23.06268618461547959 22.793621110937802854 22.042758357950379633 21.61251115088064978 21.375579566872463744 21.319943700282980359 21.298156704226858693 21.268089614828760148 21.248045837781130984 21.123461749945494859 20.972534072579168907 20.688690634054275108 20.410794407730808331 20.275098854115103819 20.287063201397913303 20.511350804518944102 20.873585801384756166 21.118418956366653561 21.279112004980731854 21.173680231789411721 20.572169351518933667 19.19837406066206853 18.757803327139423999 18.947820790853405981 19.187853274220472599 19.523517171851029417 19.744911697635259884 19.724875866101978517 19.485580023053362453 19.217338135868871518 19.439535903890135415 19.737453248093551395 20.148969137454212586 20.323119321440550777 20.618778381820153101
26.134623388988920567 26.170159954911547118 26.105636934944907779 26.049840336799274354 25.265629055609096554 24.530459063337925585 24.179243617325564486 23.889678547082297655 23.631508996975000514 23.146180262827652285 22.60804763965912656 21.464871259643384604 20.72371295798493307 20.176909015347128218 19.914712753946503199 19.791918680338810077 19.683569494299803182 19.881735811796957591 19.714801763733674989 19.550849918265264193 19.285553375657588759 19.039927936060738745 19.015464127597272892 18.936013524273342057 19.309540102367066083 19.561361074304343788 19.275876397739732937 19.080447738254022738 19.268834914642859246 18.212514176619855277 16.545685216693350128 16.079733620441047037 16.227067382174833909 16.698502807565958506 17.075732771375044194 17.093010634152815186 17.035158694105206223 16.949010926129957966 16.782755552047873948 16.686614554343311312 16.569476846043588836 16.527496173090639786 16.670890258856076116 16.474564749697044874
24.988259071451398796 24.845425898236332074 25.006977575653962731 25.158853862607102769 25.086643220203971083 24.417828665686471368 23.564957724017428831 23.96899885490719484 24.401238668763120643 24.281192549493752608 23.570558694293506363 22.983178183323136778 21.667930112159563549 20.939482379113091071 20.373637822971417677 19.693434578261030055 18.636428435104448909 17.104818320954841226 15.26271014163324935 13.34642994921201975 17.680123623428219304 17.127148826980370444 16.151826754942383957 15.894712989055779673 13.997877588630396772 13.710735189285401248 13.875568189073103298 13.57144470135378711 16.211117176730695633 16.729974144982811879 16.729974144982811879 15.453911337341052601 14.404789357940499528 14.806812736872940306 15.375487477494143462 15.662130407222720763 15.682533214488044493 15.622449454190826756 15.782356939927769446 16.060674315902243592 16.220924167208320199 16.129813688408891181 15.79761689990460205 15.289383682291520117
