benchmarks/avaInclinedPlaneEntresTest/release1IP_d553e2b322_C_L_entres_dfa_pft.asc
ncols        1001
nrows        401
xllcorner    997.500000000000
yllcorner    -5002.500000000000
cellsize     5.000000000000
NODATA_value nan
[rows 190 to 208 of 401, columns 344 to 386 of 1001]
1.1427737286375094783 1.1724763542268086258 1.2007731289302430167 1.2399334893575140182 1.2706943623959678913 1.2969092404439364064 1.3266927711108129628 1.3557966445525369004 1.3695285032710025064 1.3522921394217541913 1.3524557714932359254 1.3443335557431985716 1.360804288236973969 1.3679630662610242631 1.3579228755348711211 1.3561918162768547003 1.3758507757803817295 1.3881581820883797107 1.4040985591305390479 1.4144296538812921593 1.4155426581447945189 1.4274329074633946846 1.4455130396820456973 1.4571415949741766127 1.4728658881558853722 1.483447322547901015 1.5205777043806090187 1.5336660072765175844 1.5274045034519310171 1.5274235991535969337 1.5405972069347781961 1.5389912081721164316 1.556730789708522078 1.5783622055128689876 1.5992477114559022766 1.6287742283843287261 1.6202402086570772966 1.6353286330622767153 1.6166907442201998713 1.602418077955086062 1.5567673020399162009 1.4950903273042803754 1.4406454900103653483
1.2002425417342745817 1.2151735731965263021 1.2185247329221025048 1.2356705370604124106 1.2271383106439146538 1.2205594185380737038 1.2375439606152756067 1.2324060929777747031 1.2274854772770131817 1.2517372446557935017 1.2521129522339538021 1.2577994180307807692 1.2920849407684755761 1.3261664106060475632 1.3267811767982233828 1.3787991329178168609 1.3994774560273923747 1.4203028855697414912 1.4310302139116155562 1.4594908880490919945 1.5043270716821628419 1.5358378309701745668 1.5793630683495323286 1.6197014518441996689 1.623477480314669652 1.6091881959061706819 1.6029831086463950385 1.6187554127462102649 1.6213178908326657535 1.6183222565810739813 1.6382961339091948183 1.6334471892930235715 1.6089031737666983357 1.6136294947020346502 1.6121581966246218975 1.6038739555792702607 1.6209932785547043199 1.6174088997047282312 1.6438210576801721707 1.624436820946350668 1.6306849452752993912 1.6439583006103211105 1.6164195583833669279
1.172910378358230199 1.2048412350926052117 1.2412290200138851315 1.2757755469836042916 1.3310097335497579341 1.3417841822775176119 1.3689909873821481945 1.4005338980651538261 1.4243262325490961828 1.4347870352782656767 1.4438946857013261749 1.4375025704390753667 1.4233576456010526012 1.4257525063768177187 1.4159864903204617548 1.4355119126327173795 1.4322342375427619121 1.444154895849707021 1.4622360409405397164 1.4878969330138782645 1.4914625543514650197 1.4774755647429034244 1.4727231202882211658 1.498643648015335561 1.519373915498470895 1.53512407870312928 1.559927685822791732 1.5637930331397753569 1.5620805792876368834 1.5583127504488134552 1.5660667449176433053 1.5814883101233911944 1.6109874559195636046 1.6259420020917831895 1.6479529779372816822 1.6641951957629459447 1.7066077129288006464 1.7245795810513178115 1.7128759783923528381 1.7124413016851864899 1.6982659941278739346 1.7283066947132157409 1.7016132351321449079
1.0958451214029354404 1.1015967727257245379 1.1344719358031751799 1.1276489773279512185 1.145902547675274219 1.1540864563308499413 1.1763411151553413436 1.2101083082521730816 1.2489562887042138239 1.2676477228415994336 1.3273675717416268949 1.3237085870835227919 1.3191914121674845894 1.3386571363049555305 1.3624768834452498645 1.3743556463015007552 1.3900290624342812595 1.407152652142668936 1.4341063806018308213 1.45213371750506548 1.4730367354034623606 1.5063410936480168267 1.5163615267586081359 1.5157953255299492223 1.5396758910698606915 1.5636333083984070846 1.5742147293694483956 1.5705273350183077685 1.5713653268339635716 1.5797068356143770806 1.608562182039460442 1.6146044280216134137 1.6241585160248668274 1.6442302507738943973 1.6605500505446217918 1.6957110730362026096 1.7077461722798237265 1.737068442138332669 1.757187045342916587 1.7432160168643247022 1.7484703180018708046 1.7384903048369346745 1.7184112482672431188
1.0568500828139872905 1.0980971844178228913 1.1077478704718286551 1.1238835906504121009 1.1476975680607570673 1.1716736674032368626 1.1822513455666343596 1.2198688083441087127 1.2353739806732961792 1.2778471762580296822 1.3286885292229295708 1.3553298173663248516 1.3754415275803466567 1.3935054666291526448 1.397895304315533993 1.3893870167160888851 1.4151068691023940271 1.4127723887025112059 1.4191056754813822227 1.444643870911362038 1.4605774461126992403 1.4827307167887824324 1.5146913413892595379 1.5512028471297956145 1.5782668610214500848 1.6231645056414814032 1.644651225100566494 1.6366784522558066595 1.6461406171552319666 1.6558424808546958751 1.6404176980341289571 1.6242050979646742714 1.6357213952673521629 1.6404098586040896102 1.6438802310965827669 1.6513360490748851817 1.673710869368558507 1.7087184259566894351 1.7077863589107531439 1.7130688999907308645 1.6983164913448705047 1.7279997306577037364 1.7265295431145692984
1.0886947252257332952 1.1147368374503361377 1.1261765357736746029 1.1185406428414235158 1.1397115252208784852 1.1748709978872546866 1.1837133633637537677 1.1901017293917686146 1.2277538953750779527 1.2444929662288672922 1.2691933354060065398 1.3007388386363849531 1.3075423974294850815 1.3297195648464070761 1.3573308255390161836 1.3893251807358697469 1.4101794330022026092 1.4129797732232327601 1.4245740827882664714 1.4316957431576873283 1.4595035431569445272 1.4869669196396491095 1.5054574566391067947 1.516665726507279599 1.5360617339618125587 1.5581202376403111565 1.5606737687108946933 1.5791891918630158731 1.588551125391264307 1.5942263823093130171 1.6131171991238204555 1.6080786099908519482 1.621684336653383296 1.6511667782891090717 1.6653383513717632258 1.7154642723603519272 1.7336079291422081816 1.7830646101833682593 1.8266650749701089929 1.839149098062610399 1.8621630171031433587 1.8668262376485862397 1.8693462707749548546
1.1743577198413615026 1.1237089964122073393 1.0906473469523851882 1.1276246569701602329 1.16053489492318751 1.1466895391572546892 1.1628016915678296428 1.1747228198707657665 1.2029148766566108986 1.2252096891599795203 1.2534529731968997446 1.2940411907850797313 1.3298922368290131413 1.3512234100200788411 1.3750843690564531485 1.4063302909155670495 1.4260001600378939823 1.4358958886875206051 1.4716129632617607204 1.489375240034153558 1.5235773285207379057 1.5424510204426806759 1.587499251921507426 1.6143839206924242013 1.6430740346196639479 1.6870703012366974338 1.717839121815294634 1.7258348575588255969 1.7391699538979636941 1.7427798912014025312 1.7243734152129535087 1.7548525362459455046 1.76662943376925341 1.7509870912366232165 1.7861626789320630415 1.8008089281776464841 1.815543954720279185 1.8686238431903288149 1.8684231128116208787 1.8789828920976647808 1.8594556503985781859 1.8449356888842336488 1.8556541470292577944
1.1701966107264512029 1.1262212279174836915 1.1218112928619401458 1.1042484098520799485 1.1158265261382824818 1.15018816439966165 1.1672942742283343165 1.1845025537483639955 1.2222265415825774859 1.2615091798154121072 1.2651942115028336211 1.2703558057937123227 1.3117993919214834264 1.3510541480185460639 1.3747670190720324701 1.4026637741833618556 1.4352215806919412788 1.4416983446316899986 1.4771706543079274887 1.5132942903635135945 1.547622944435087966 1.6002085859741672635 1.6357170720568929845 1.649514643053642482 1.6844096970201170027 1.7245596966040370734 1.7604147264293001918 1.7656188969369768227 1.7814486778103038045 1.7883001757810217391 1.7704488308247108286 1.7923974915387734796 1.8069048467388160173 1.8042525146639576406 1.8212397789458218966 1.8424512675089315117 1.8584345836636795291 1.9009242530269394589 1.9064238971377760468 1.9314733502158791811 1.8833307681784288157 1.8729097627059023701 1.8745543570782039478
1.2235273067707705952 1.1770931608326855589 1.1419471846245874413 1.1157156226145381606 1.0966667501859013178 1.1330052101007370702 1.1979640396682087466 1.2297745300942017899 1.2597068268111075717 1.3241997166490986348 1.3479564824624972186 1.3626209716169372932 1.3888241749170568973 1.4317827385557915232 1.4445690387730125703 1.4494858305892446282 1.4574174881446375629 1.4846613891457405288 1.5333726837611802996 1.5701403199504009311 1.5937170653841494783 1.5996078996792864046 1.622230277897761086 1.6483298762074549693 1.6655554690571561238 1.714512922222929836 1.74360186713065346 1.7609138029678033099 1.7670431428567452414 1.8000308013893948633 1.8109574697829147194 1.8053770309419656659 1.8568410560705610468 1.8814559435362998574 1.8877885709198336528 1.9349754375742338475 1.9567596670105920076 1.9483542567474718687 1.9690536564617984183 1.920799445454304033 1.9041944287491532339 1.8524134245851340275 1.8767217535852585009
1.2396126367917703615 1.191500068317196348 1.1995102932555121722 1.1597841622916733595 1.1808640084184898189 1.1977110875088092801 1.2077223750396210988 1.2154295979719458298 1.232765091832124682 1.2695999471288885729 1.2770530266238613315 1.2894776293392244959 1.3273458919741885076 1.3538879808448869291 1.4004817407651590777 1.4307885409217109274 1.458958912260554408 1.5024470818204092026 1.5385251505603332323 1.5735096547950762069 1.6067546483965877702 1.6208610417014286398 1.6569137064843895146 1.6949971773444181267 1.7254685439471735275 1.739214318477617427 1.7630021989671742499 1.7814830095798859233 1.7836786487966300729 1.7703048269025718486 1.796105346070797415 1.8154504402286069098 1.8354416414213514663 1.8639387741226525197 1.9134608282345055841 1.9335100465396590774 1.9644339392989356163 1.9621243958700405052 1.9224768106516072486 1.9215925935570341565 1.8658820773052171571 1.8404450690158149495 1.8689785440725137367
1.2895983975601115201 1.2265198675469159983 1.1934131600235984294 1.1965724711950243009 1.1189271615928999548 1.1298876756533875465 1.1466608730340115407 1.1875500206529898684 1.2070828013553180913 1.2279080464268929962 1.2789912849128739492 1.3233224171104822631 1.3562452565142202321 1.3895475140781692325 1.4205329830287221071 1.4573968165080284365 1.4857298337007656119 1.5037270708542247455 1.5319813011578984341 1.5631548205926255601 1.5848487602252525619 1.6100534926428518023 1.6347806884486784096 1.6566118964093528021 1.6783092026121522178 1.7193181749724697482 1.7562157625714946985 1.7729168651026130377 1.7829924748847840732 1.798563190217189689 1.8366295672927250848 1.8611645276101338453 1.9021187104462979889 1.952360788230957267 1.9751743300098141276 1.9827615567937337815 2.0107553410105607483 1.9907235516006829279 1.9610756130856994428 1.92262215205655429 1.864074920110270206 1.8830486818149720918 1.8565745754926765709
1.2132684571042238186 1.1701210045622865152 1.177198010078364554 1.1424271542954149705 1.1070197193095214772 1.1511401620521215516 1.1629180233399278865 1.2225876446922963048 1.2522450367413471284 1.2684559415930627413 1.3153585518778894148 1.3449159081699466611 1.3622428891592386346 1.4010792239260760894 1.4346510180777474197 1.4545719746224277102 1.461996760502620285 1.4777616484204414427 1.50818726651292212 1.5401069712329746864 1.5728007768481766515 1.5946267863870871029 1.6077891873064982242 1.6309721311061615712 1.6635857901648281043 1.6806284195155711814 1.6986289448942155644 1.7025057253844742 1.7016585819720060346 1.7403150079236904268 1.7788088021367343128 1.8077322698815041502 1.8231310702707965721 1.87394360478693911 1.8979413480341909004 1.904372706659132497 1.9350302204126070826 1.9129740839710343003 1.8948764040560259758 1.8678878822323179421 1.8388966236118653441 1.8592440346126877238 1.8245542908335832255
1.1897432244581367389 1.1846456602874870789 1.2053429256676055914 1.1811084079302738292 1.1858866036275159672 1.1709232200101864496 1.2061602323545870252 1.1840223724570027031 1.2001561761688239738 1.1896475293900643511 1.2223136831178424977 1.2375649502078980291 1.2745678490209404465 1.3073056746304434483 1.3262438658977633299 1.3726723674014860155 1.4165652652580043025 1.4583353519123978259 1.4785192913627296374 1.5094232690131517138 1.5404037265416070657 1.5610158967572271838 1.5828389837971943432 1.6056331201335203307 1.6215114962479686422 1.6534132637701142166 1.6732785724284104933 1.689012016076460343 1.6987822880945626647 1.725531415332495655 1.7555499577873674433 1.7744353021454155606 1.7809964029583316147 1.8301415621216325924 1.8533938258683051448 1.8469965221564741409 1.8290286772471500143 1.8123013598485002706 1.7760378681102810816 1.7667054278343869989 1.80960652674885214 1.7998963775506604534 1.8184566495030018984
1.1881884568831369009 1.1974649167504107794 1.1815757338147752087 1.1879935125723459777 1.1688946592870759211 1.1780161232559354101 1.1883684253817043963 1.2217488289036337878 1.2410473360869915815 1.2441599335572632867 1.2971365191724482102 1.2949596606105848728 1.3128687419460987051 1.3122562243008013549 1.3316132222543304309 1.319266631139985213 1.326601985587491539 1.3365119876038480395 1.3493501447121611925 1.3693959200188130509 1.388872730082850282 1.4313928713476640198 1.4550286074817484483 1.4681868750577911076 1.4775166359517979409 1.4946058977546605728 1.5060342107897704 1.5269778111893967942 1.5434730313980937755 1.5648861099140809472 1.6023189369726427156 1.6550326077355432819 1.6920249427332609837 1.7180395334386049377 1.7543391665788319322 1.7674789306016740476 1.7512849327579715908 1.7053001259570275128 1.7187727145895999037 1.7246873684729036036 1.7026978572015347702 1.7246124713083466062 1.7087408345313113145
1.1720765058160103056 1.2031459430167810165 1.2262914118694270282 1.2160263914055653434 1.2317786367025089778 1.2340359856926794713 1.241064604207339217 1.2559127656628090719 1.2756668808302520368 1.2806510659562326815 1.3155786212353279829 1.316042831903325272 1.3348686001379215238 1.3545631509265114722 1.3691827610814437666 1.3733740140266861296 1.3803389000373644802 1.362283240512207616 1.3788873777459058623 1.4090831019585225992 1.395048244116429359 1.3991073406451612904 1.4230709924854738624 1.4284161514170794494 1.399797639161957763 1.4195151756083064232 1.4195943952270404509 1.4133320518105549901 1.432362055533197065 1.4866618593467457732 1.513238455153650408 1.52837981737801476 1.5403930388955768827 1.5743119816163770874 1.5932155672225076781 1.6027118292772197794 1.6130787338677921028 1.6183722590853841794 1.5901259226424107052 1.5644881383905455685 1.5824175615805875506 1.6027544614564328551 1.6005765801880564858
1.2298047485817673596 1.2473317515891511054 1.2836667820054494804 1.2975116345788044736 1.3072015755250823155 1.3116504094561742821 1.3149769197006697663 1.3413884679526542065 1.3429179160272965987 1.3826168178636868422 1.390885174891679732 1.4001810198672197671 1.3974921251838225977 1.431009845014336701 1.4363956175780627778 1.4455125079624833173 1.4506270707746082849 1.4548332883500683099 1.4941572123387463211 1.505548775877296519 1.5034195119462610002 1.4743256128990922527 1.471151861452414833 1.4584088472786198576 1.4727678776238690705 1.4737181909545811198 1.4760804287522018008 1.4520123163071474437 1.4179782878124831402 1.4289538298188932952 1.453913961551429157 1.4390149978359185745 1.4239709441138073132 1.4227979187082033796 1.4245259650008588181 1.4524086738497388183 1.463433509812288813 1.5022779542672521913 1.5492468658817586391 1.5738638518874961125 1.5859171803772944553 1.6079482600010346349 1.6191458129775246899
1.1894454125855056237 1.2064212708632087168 1.2045132510569724893 1.2386745770802782829 1.2607889178805378183 1.249080607083738359 1.2825313850921744585 1.2966353102248275864 1.3434788247887539114 1.3321249372346442019 1.3493682720711044354 1.3310509985965943702 1.3573277755814874279 1.3311743295653599706 1.3474479389582274536 1.3472933882002455785 1.3583414236183788404 1.3712751010643531302 1.4007029290012382727 1.4019313598490341644 1.4314010582877194633 1.4457457318416324643 1.408552569176326319 1.3866959344216505112 1.3900591709782166294 1.3912346945349607363 1.401573239384996894 1.4120147277726582402 1.3943220228563915075 1.4219774227138888278 1.4354754791793995494 1.428631691521511371 1.4241697635002124045 1.4288457933357883167 1.3819595879353858692 1.4080288717426470146 1.4322967160791610919 1.4152891397499784976 1.3987104077322078943 1.3997217926186977799 1.4125138152383875934 1.418962260088789451 1.4251868123198432325
1.2450549625088691563 1.2564509338933698146 1.2479370434062269091 1.2361262980720131299 1.2285386563482156852 1.2073742959263449315 1.2119365209664139105 1.1907534815537268447 1.1947890134309322452 1.1876625113766889896 1.1969065000549667932 1.1744688779195882056 1.1825577698969498286 1.1638339887092929992 1.1988915448784733808 1.1872096711553459247 1.1985699152952358215 1.2335784295465850313 1.228972023104150546 1.2634189436698879394 1.2551469207670775674 1.2429583499805345603 1.2577309331023165395 1.2760924529991344301 1.2770395092757651501 1.301502884893643408 1.319268343472696392 1.317631358894179483 1.3364302269838230774 1.3116877068482553081 1.3166266685402308045 1.3304750488790477725 1.2989598162367888001 1.2871776253374132004 1.2742354618657076859 1.2513655379516868127 1.2545988288715654857 1.2497304586696200701 1.2763836299763171578 1.2908268570701739719 1.2944532822117600368 1.2857267313490079452 1.2611979070639005585
1.0522859021287265247 1.032141789136382215 1.0117267966216394459 1.0555516920255361146 1.0857899127511354553 1.1138973888075378582 1.1179399263444624868 1.1574003225162221575 1.1685943070617499373 1.1697553342903448392 1.1846134814468756158 1.1806565087236007283 1.2103684843176185648 1.2182213499251099975 1.2351121480235855987 1.2587286825511436739 1.2686657101588261209 1.2802706194381687776 1.3060087589118440921 1.3300414324752218853 1.364496385050104843 1.3813380394735743639 1.3910407160165703111 1.3976769894072766931 1.3923372322958329494 1.3911588705333199911 1.4028813696377553377 1.4297202087396669867 1.4359761138235775935 1.4499632294298097079 1.4738178919725917204 1.4696053816040632878 1.4590889605400609863 1.4618953698556382825 1.4828215233826140818 1.4968234736693990516 1.5039376416533181136 1.5140823819823723273 1.4970323720162070913 1.5052444481056492798 1.5021630664960998747 1.4946222447788264365 1.4897122165056413401
